0 1 1 1 202 0 0 0 1 2 0.00 0.00 1.00 255

0 1 1 1 335 0 0 0 10 11 0.00 0.00 1.00 255

0 1 1 1 355 0 0 0 1 1 0.00 0.00 1.00 255

0 1 1 1 280 0 0 0 1 2 0.00 0.00 1.00 255

0 1 1 1 230 0 0 0 11 15 0.00 0.00 1.00 255

0 1 1 1 300 0 0 0 10 11 0.00 0.00 1.00 255

0 1 1 1 221 0 0 0 1 17 0.00 0.00 1.00 8

0 1 1 1 192 0 0 0 2 4 0.00 0.00 1.00 18

0 1 1 1 215 0 0 0 3 3 0.00 0.00 1.00 3

0 1 1 1 208 0 0 0 2 2 0.00 0.00 1.00 4

0 1 1 1 194 0 0 0 6 6 0.00 0.00 1.00 6

0 1 1 1 194 0 0 0 5 5 0.00 0.00 1.00 16

0 1 1 1 161 0 0 0 4 4 0.00 0.00 1.00 4

0 1 1 1 323 0 0 0 2 2 0.00 0.00 1.00 10

0 1 1 1 330 0 0 0 2 2 0.00 0.00 1.00 20

0 1 1 1 323 0 0 0 8 9 0.00 0.00 1.00 30

0 1 1 1 206 0 0 0 8 8 0.00 0.00 1.00 40

0 1 1 1 201 0 0 0 8 12 0.00 0.00 1.00 50

0 1 1 1 201 0 0 0 6 10 0.00 0.00 1.00 60

0 1 1 1 202 0 0 0 6 6 0.00 0.00 1.00 70

0 1 1 1 202 0 0 0 8 8 0.00 0.00 1.00 80

0 1 1 1 199 0 0 0 4 4 0.00 0.00 1.00 90

0 1 1 1 137 0 0 0 1 14 0.00 0.00 1.00 4

0 1 1 1 210 0 0 0 2 3 0.00 0.00 1.00 2

0 1 1 1 208 0 0 0 12 21 0.00 0.00 1.00 12

0 1 1 1 208 0 0 0 10 10 0.00 0.00 1.00 22

0 1 1 1 163 0 0 0 1 27 0.00 0.00 1.00 1

0 1 1 1 206 0 0 0 5 6 0.00 0.00 1.00 5

0 1 1 1 212 0 0 0 15 16 0.00 0.00 1.00 15

0 1 1 1 208 0 0 0 8 8 0.00 0.00 1.00 25

0 1 1 1 280 0 0 0 1 3 0.00 0.00 1.00 1

0 1 1 1 280 0 0 0 11 17 0.00 0.00 1.00 11

0 1 1 1 216 0 0 0 3 3 0.00 0.00 1.00 3

0 1 1 1 171 0 0 0 6 6 0.00 0.00 1.00 13

0 1 1 1 216 0 0 0 2 2 0.00 0.00 1.00 23

0 1 1 1 311 0 0 0 5 5 0.00 0.00 1.00 5

0 1 1 1 265 0 0 0 7 7 0.00 0.00 1.00 7

0 1 1 1 239 0 0 0 17 17 0.00 0.00 1.00 17

0 1 1 1 238 0 0 0 2 3 0.00 0.00 1.00 27

0 1 1 1 194 0 0 0 8 8 0.00 0.00 1.00 37

0 1 1 1 206 0 0 0 18 18 0.00 0.00 1.00 47

0 1 1 1 286 0 0 0 3 9 0.00 0.00 1.00 57

0 1 1 1 216 0 0 0 5 5 0.00 0.00 1.00 67

0 1 1 1 263 0 0 0 10 10 0.00 0.00 1.00 77

0 1 1 1 237 0 0 0 20 20 0.00 0.00 1.00 87

0 1 1 1 192 0 0 0 1 1 0.00 0.00 1.00 97

0 1 1 1 260 0 0 0 11 11 0.00 0.00 1.00 107

0 1 1 1 261 0 0 0 21 21 0.00 0.00 1.00 117

0 1 1 1 274 0 0 0 1 1 0.00 0.00 1.00 127

0 1 1 1 257 0 0 0 3 3 0.00 0.00 1.00 137

0 1 1 1 263 0 0 0 13 13 0.00 0.00 1.00 147

0 1 1 1 241 0 0 0 4 5 0.00 0.00 1.00 157

0 1 1 1 205 0 0 0 4 4 0.00 0.00 1.00 167

0 1 1 1 290 0 0 0 14 14 0.00 0.00 1.00 177

0 1 1 1 272 0 0 0 5 5 0.00 0.00 1.00 5

0 1 1 1 289 0 0 0 3 3 0.00 0.00 1.00 15

0 1 1 1 181 0 0 0 4 4 0.00 0.00 1.00 25

0 1 1 1 204 0 0 0 2 2 0.00 0.00 1.00 35

0 1 1 1 191 0 0 0 3 3 0.00 0.00 1.00 3

0 1 1 1 202 0 0 0 3 3 0.00 0.00 1.00 13

0 1 1 1 191 0 0 0 8 8 0.00 0.00 1.00 23

0 1 1 1 235 0 0 0 2 4 0.00 0.00 1.00 2

0 1 1 1 258 0 0 0 2 2 0.00 0.00 1.00 2

0 1 1 1 320 0 0 0 2 2 0.00 0.00 1.00 2

0 1 1 1 318 0 0 0 12 12 0.00 0.00 1.00 12

0 1 1 1 319 0 0 0 22 22 0.00 0.00 1.00 22

0 1 1 1 320 0 0 0 32 32 0.00 0.00 1.00 32

0 1 1 1 342 0 0 0 9 9 0.00 0.00 1.00 42

0 1 1 1 342 0 0 0 19 19 0.00 0.00 1.00 52

0 1 1 1 342 0 0 0 29 29 0.00 0.00 1.00 62

0 1 1 1 341 0 0 0 39 39 0.00 0.00 1.00 72

0 1 1 1 342 0 0 0 49 49 0.00 0.00 1.00 82

0 1 1 1 342 0 0 0 57 57 0.00 0.00 1.00 92

0 1 1 1 292 0 0 0 5 5 0.00 0.00 1.00 102

0 1 1 1 290 0 0 0 15 15 0.00 0.00 1.00 112

0 1 1 1 291 0 0 0 25 25 0.00 0.00 1.00 122

0 1 1 1 313 0 0 0 2 2 0.00 0.00 1.00 132

0 1 1 1 314 0 0 0 12 12 0.00 0.00 1.00 142

0 1 1 1 314 0 0 0 22 22 0.00 0.00 1.00 152

0 1 1 1 311 0 0 0 32 32 0.00 0.00 1.00 162

0 1 1 1 314 0 0 0 42 42 0.00 0.00 1.00 172

0 1 1 1 314 0 0 0 52 52 0.00 0.00 1.00 182

0 1 1 1 314 0 0 0 62 62 0.00 0.00 1.00 192

0 1 1 1 196 0 0 0 5 15 0.00 0.00 1.00 5

0 1 1 1 215 0 0 0 15 25 0.00 0.00 1.00 15

0 1 1 1 200 0 0 0 25 35 0.00 0.00 1.00 25

0 1 1 1 198 0 0 0 35 45 0.00 0.00 1.00 35

0 1 1 1 229 0 0 0 2 3 0.00 0.00 1.00 45

0 1 1 1 227 0 0 0 12 13 0.00 0.00 1.00 55

0 1 1 1 228 0 0 0 22 23 0.00 0.00 1.00 65

0 1 1 1 206 0 0 0 7 7 0.00 0.00 1.00 75

0 1 1 1 187 0 0 0 17 17 0.00 0.00 1.00 85

0 1 1 1 202 0 0 0 27 27 0.00 0.00 1.00 95

0 1 1 1 193 0 0 0 37 37 0.00 0.00 1.00 105

0 1 1 1 217 0 0 0 2 2 0.00 0.00 1.00 115

0 1 1 1 316 0 0 0 9 10 0.00 0.00 1.00 125

0 1 1 1 311 0 0 0 19 25 0.00 0.00 1.00 135

0 1 1 1 331 0 0 0 29 35 0.00 0.00 1.00 145

0 1 1 1 333 0 0 0 39 45 0.00 0.00 1.00 155

0 1 1 1 341 0 0 0 8 36 0.00 0.00 1.00 165

0 1 1 1 314 0 0 0 2 2 0.00 0.00 1.00 175

0 1 1 1 316 0 0 0 12 12 0.00 0.00 1.00 185

0 1 1 1 317 0 0 0 22 22 0.00 0.00 1.00 195

0 1 1 1 333 0 0 0 32 32 0.00 0.00 1.00 205

0 1 1 1 327 0 0 0 1 1 0.00 0.00 1.00 215

0 1 1 1 289 0 0 0 4 4 0.00 0.00 1.00 225

0 1 1 1 289 0 0 0 14 14 0.00 0.00 1.00 235

0 1 1 1 285 0 0 0 24 24 0.00 0.00 1.00 245

0 1 1 1 287 0 0 0 34 34 0.00 0.00 1.00 255

0 1 1 1 200 0 0 0 3 9 0.00 0.00 1.00 255

0 1 1 1 219 0 0 0 13 19 0.00 0.00 1.00 255

0 1 1 1 211 0 0 0 23 29 0.00 0.00 1.00 255

0 1 1 1 216 0 0 0 33 33 0.00 0.00 1.00 255

0 1 1 1 224 0 0 0 2 11 0.00 0.00 1.00 255

0 1 1 1 233 0 0 0 4 5 0.00 0.00 1.00 255

0 1 1 1 200 0 0 0 6 14 0.00 0.00 1.00 255

0 1 1 1 200 0 0 0 16 31 0.00 0.00 1.00 255

0 1 1 1 196 0 0 0 26 43 0.00 0.00 1.00 255

0 1 1 1 199 0 0 0 36 53 0.00 0.00 1.00 255

0 1 1 1 207 0 0 0 5 5 0.00 0.00 1.00 255

0 1 1 1 218 0 0 0 8 8 0.00 0.00 1.00 255

0 1 1 1 232 0 0 0 18 18 0.00 0.00 1.00 255

0 1 1 1 213 0 0 0 28 28 0.00 0.00 1.00 255

0 1 1 1 221 0 0 0 38 38 0.00 0.00 1.00 255

0 1 1 1 238 0 0 0 8 9 0.00 0.00 1.00 255

0 1 1 1 235 0 0 0 6 6 0.00 0.00 1.00 255

0 1 1 1 217 0 0 0 8 16 0.00 0.00 1.00 255

0 1 1 1 230 0 0 0 18 26 0.00 0.00 1.00 255

0 1 1 1 217 0 0 0 28 36 0.00 0.00 1.00 255

0 1 1 1 218 0 0 0 38 46 0.00 0.00 1.00 255

0 1 1 1 238 0 0 0 8 8 0.00 0.00 1.00 255

0 1 1 1 236 0 0 0 6 10 0.00 0.00 1.00 255

0 1 1 1 201 0 0 0 8 8 0.00 0.00 1.00 255

0 1 1 1 201 0 0 0 18 18 0.00 0.00 1.00 255

0 1 1 1 217 0 0 0 28 28 0.00 0.00 1.00 255

0 1 1 1 198 0 0 0 38 38 0.00 0.00 1.00 255

0 1 1 1 234 0 0 0 1 2 0.00 0.00 1.00 255

0 1 1 1 147 0 0 0 2 2 0.00 0.00 1.00 255

0 1 1 1 199 0 0 0 12 12 0.00 0.00 1.00 255

0 1 1 1 200 0 0 0 22 22 0.00 0.00 1.00 255

0 1 1 1 198 0 0 0 32 33 0.00 0.00 1.00 255

0 1 1 1 209 0 0 0 2 5 0.00 0.00 1.00 255

0 1 1 1 217 0 0 0 5 5 0.00 0.00 1.00 255

0 1 1 1 214 0 0 0 15 15 0.00 0.00 1.00 255

0 1 1 1 234 0 0 0 25 25 0.00 0.00 1.00 255

0 1 1 1 217 0 0 0 35 35 0.00 0.00 1.00 255

0 1 1 1 246 0 0 0 5 22 0.00 0.00 1.00 255

0 1 1 1 218 0 0 0 3 3 0.00 0.00 1.00 255

0 1 1 1 212 0 0 0 13 13 0.00 0.00 1.00 255

0 1 1 1 215 0 0 0 23 23 0.00 0.00 1.00 255

0 1 1 1 218 0 0 0 33 33 0.00 0.00 1.00 255

0 1 1 1 228 0 0 0 3 3 0.00 0.00 1.00 255

0 1 1 1 234 0 0 0 13 13 0.00 0.00 1.00 255

0 1 1 1 228 0 0 0 23 23 0.00 0.00 1.00 255

0 1 1 1 242 0 0 0 9 9 0.00 0.00 1.00 255

0 1 1 1 239 0 0 0 19 19 0.00 0.00 1.00 255

0 1 1 1 351 0 0 0 10 11 0.00 0.00 1.00 255

0 1 1 1 339 0 0 0 20 21 0.00 0.00 1.00 255

0 1 1 1 331 0 0 0 2 6 0.00 0.00 1.00 255

0 1 1 1 332 0 0 0 2 2 0.00 0.00 1.00 255

0 1 1 1 289 0 0 0 2 2 0.00 0.00 1.00 255

0 1 1 1 286 0 0 0 12 12 0.00 0.00 1.00 255

0 1 1 1 285 0 0 0 22 22 0.00 0.00 1.00 255

0 1 1 1 287 0 0 0 32 32 0.00 0.00 1.00 255

0 1 1 1 317 0 0 0 1 2 0.00 0.00 1.00 255

0 1 1 1 316 0 0 0 9 10 0.00 0.00 1.00 255

0 1 1 1 319 0 0 0 19 20 0.00 0.00 1.00 255

0 1 1 1 196 0 0 0 4 4 0.00 0.00 1.00 255

0 1 1 1 200 0 0 0 14 14 0.00 0.00 1.00 255

0 1 1 1 196 0 0 0 24 25 0.00 0.00 1.00 255

0 1 1 1 198 0 0 0 34 35 0.00 0.00 1.00 255

0 1 1 1 216 0 0 0 3 3 0.00 0.00 1.00 255

0 1 1 1 231 0 0 0 13 13 0.00 0.00 1.00 255

0 1 1 1 215 0 0 0 23 23 0.00 0.00 1.00 255

0 1 1 1 212 0 0 0 33 33 0.00 0.00 1.00 255

0 1 1 1 253 0 0 0 3 3 0.00 0.00 1.00 255

0 1 1 1 216 0 0 0 1 1 0.00 0.00 1.00 255

0 1 1 1 216 0 0 0 11 11 0.00 0.00 1.00 255

0 1 1 1 212 0 0 0 21 21 0.00 0.00 1.00 255

0 1 1 1 215 0 0 0 31 31 0.00 0.00 1.00 255

0 1 1 1 250 0 0 0 1 1 0.00 0.00 1.00 255

0 1 1 1 241 0 0 0 11 11 0.00 0.00 1.00 255

0 1 1 1 231 0 0 0 21 21 0.00 0.00 1.00 255

0 1 1 1 238 0 0 0 7 7 0.00 0.00 1.00 255

0 1 1 1 239 0 0 0 17 17 0.00 0.00 1.00 255

0 1 1 1 214 0 0 0 8 8 0.00 0.00 1.00 255

0 1 1 1 216 0 0 0 18 18 0.00 0.00 1.00 255

0 1 1 1 217 0 0 0 28 28 0.00 0.00 1.00 255

0 1 1 1 233 0 0 0 38 38 0.00 0.00 1.00 255

0 1 1 1 246 0 0 0 8 8 0.00 0.00 1.00 255

0 1 1 1 243 0 0 0 5 9 0.00 0.00 1.00 255

0 1 1 1 249 0 0 0 15 19 0.00 0.00 1.00 255

0 1 1 1 246 0 0 0 10 10 0.00 0.00 1.00 255

0 1 1 1 244 0 0 0 20 20 0.00 0.00 1.00 255

0 1 1 1 193 0 0 0 9 9 0.00 0.00 1.00 255

0 1 1 1 206 0 0 0 19 19 0.00 0.00 1.00 255

0 1 1 1 188 0 0 0 29 29 0.00 0.00 1.00 255

0 1 1 1 190 0 0 0 39 39 0.00 0.00 1.00 255

0 1 1 1 263 0 0 0 1 1 0.00 0.00 1.00 255

0 1 1 1 336 0 0 0 11 11 0.00 0.00 1.00 255

0 1 1 1 316 0 0 0 21 21 0.00 0.00 1.00 255

0 1 1 1 217 0 0 0 8 8 0.00 0.00 1.00 255

0 1 1 1 213 0 0 0 17 17 0.00 0.00 1.00 255

0 1 1 1 217 0 0 0 26 26 0.00 0.00 1.00 255

0 1 1 1 233 0 0 0 35 35 0.00 0.00 1.00 255

0 1 1 1 315 0 0 0 31 31 0.00 0.00 1.00 255

0 1 1 1 315 0 0 0 41 41 0.00 0.00 1.00 255

0 1 1 1 263 0 0 0 6 6 0.00 0.00 1.00 255

0 1 1 1 331 0 0 0 16 16 0.00 0.00 1.00 255

0 1 1 1 312 0 0 0 26 26 0.00 0.00 1.00 255

0 1 1 1 320 0 0 0 36 36 0.00 0.00 1.00 255

0 1 1 1 306 0 0 0 3 5 0.00 0.00 1.00 3

0 1 1 1 325 0 0 0 4 4 0.00 0.00 1.00 13

0 1 1 1 304 0 0 0 9 17 0.00 0.00 1.00 23

0 1 1 1 156 0 0 0 1 1 0.00 0.00 1.00 33

0 1 1 1 187 0 0 0 6 6 0.00 0.00 1.00 43

0 1 1 1 187 0 0 0 7 7 0.00 0.00 1.00 53

0 1 1 1 188 0 0 0 3 3 0.00 0.00 1.00 63

0 1 1 1 240 0 0 0 1 1 0.00 0.00 1.00 1

0 1 1 1 295 0 0 0 3 12 0.00 0.00 1.00 7

0 1 1 1 224 0 0 0 3 3 0.00 0.00 1.00 3

1 1 2 1 1485 0 0 0 1 4 0.00 0.00 1.00 5

1 1 2 1 2188 0 0 0 1 2 0.00 0.00 1.00 15

1 1 2 1 2360 0 0 0 1 5 0.00 0.00 1.00 25

1 1 2 1 857 0 0 0 1 2 0.00 0.00 1.00 35

0 1 2 1 1473 0 0 0 1 3 0.00 0.00 1.00 45

0 1 2 1 997 0 0 0 2 1 0.00 0.00 0.50 55

2 1 2 1 1274 0 0 0 1 2 0.00 0.00 1.00 65

2 1 2 1 12813 0 0 0 1 3 0.00 0.00 1.00 75

0 1 2 1 1064 0 0 1 1 1 0.00 0.00 1.00 85

1 1 2 1 2049 0 0 0 1 4 0.00 0.00 1.00 95

6 1 2 1 1375 0 0 0 1 2 0.00 0.00 1.00 105

6 1 2 1 1430 0 0 0 1 1 0.00 0.00 1.00 115

1 1 2 1 2704 0 0 0 1 3 0.00 0.00 1.00 125

0 1 2 1 1146 0 0 0 1 1 0.00 0.00 1.00 135

1 1 2 1 1252 0 0 0 1 5 0.00 0.00 1.00 145

1 1 2 1 1173 0 0 0 1 5 0.00 0.00 1.00 155

0 1 2 1 590 0 0 0 1 1 0.00 0.00 1.00 165

0 1 2 1 2040 0 0 0 1 1 0.00 0.00 1.00 175

0 1 2 1 1194 0 0 0 1 3 0.00 0.00 1.00 185

0 1 2 1 2717 0 0 0 1 4 0.00 0.00 1.00 195

0 1 2 1 2468 0 0 0 1 1 0.00 0.00 1.00 205

0 1 2 1 955 0 0 0 1 2 0.00 0.00 1.00 7

1 1 2 1 1952 0 0 0 1 3 0.00 0.00 1.00 17

1 1 2 1 629 0 0 0 1 2 0.00 0.00 1.00 27

1 1 2 1 1420 0 0 0 1 2 0.00 0.00 1.00 37

0 1 2 1 1030 0 0 0 1 1 0.00 0.00 1.00 47

0 1 2 1 1646 0 0 0 1 1 0.00 0.00 1.00 57

0 1 2 1 656 0 0 0 1 1 0.00 0.00 1.00 67

1 1 2 1 1222 0 0 0 1 1 0.00 0.00 1.00 77

1 1 2 1 1109 0 0 0 1 1 0.00 0.00 1.00 87

2 1 2 1 1402 0 0 0 1 2 0.00 0.00 1.00 97

0 1 3 1 7 0 0 0 1 1 0.00 0.00 1.00 107

1 1 2 1 725 0 0 0 1 2 0.00 0.00 1.00 117

2 1 2 1 1150 0 0 0 1 1 0.00 0.00 1.00 127

3 1 2 1 1063 0 0 0 1 2 0.00 0.00 1.00 137

10 1 2 1 13859 0 0 0 1 2 0.00 0.00 1.00 147

4 1 2 1 960 0 0 0 1 2 0.00 0.00 1.00 157

1 1 2 1 1917 0 0 0 2 6 0.00 0.00 1.00 167

2 1 2 1 1131 0 0 0 1 1 0.00 0.00 1.00 177

1 1 2 1 1077 0 0 0 1 2 0.00 0.00 1.00 187

1 1 2 1 2734 0 0 0 1 3 0.00 0.00 1.00 197

0 1 2 1 741 0 0 0 1 1 0.00 0.00 1.00 207

1 1 2 1 2710 0 0 0 1 3 0.00 0.00 1.00 217

1 1 2 1 2617 0 0 0 1 2 0.00 0.00 1.00 227

0 2 9 1 48 0 0 0 1 1 0.00 0.00 1.00 10

0 2 4 1 88 0 0 0 2 2 0.00 0.00 1.00 20

0 2 9 1 48 0 0 0 1 1 0.00 0.00 1.00 30

0 2 4 1 88 0 0 0 2 4 0.00 0.00 1.00 40

0 2 4 1 104 0 0 0 2 5 0.00 0.00 1.00 50

0 2 9 1 48 0 0 0 1 1 0.00 0.00 1.00 60

0 2 4 1 87 0 0 0 1 2 0.00 0.00 1.00 70

0 2 9 1 48 0 0 0 1 1 0.00 0.00 1.00 80

0 2 9 1 48 0 0 0 1 1 0.00 0.00 1.00 90

0 2 9 1 48 0 0 0 1 1 0.00 0.00 1.00 100

0 2 4 1 104 0 0 0 1 2 0.00 0.00 1.00 110

0 2 4 1 88 0 0 0 2 4 0.00 0.00 1.00 120

1 1 2 1 2083 0 0 0 1 2 0.00 0.00 1.00 10

0 1 2 1 2046 0 0 0 1 2 0.00 0.00 1.00 20

1 1 2 1 1229 0 0 0 1 3 0.00 0.00 1.00 30

0 1 2 1 895 0 0 0 1 3 0.00 0.00 1.00 40

0 1 2 1 816 0 0 0 1 1 0.00 0.00 1.00 50

0 1 2 1 809 0 0 0 1 1 0.00 0.00 1.00 60

0 1 2 1 1283 0 0 0 1 2 0.00 0.00 1.00 70

0 1 3 1 8 0 0 0 1 1 0.00 0.00 1.00 80

4 1 2 1 2707 0 0 0 1 1 0.00 0.00 1.00 90

16 1 2 1 538 0 0 0 1 1 0.00 0.00 1.00 100

0 1 2 1 1020 0 0 0 1 1 0.00 0.00 1.00 110

4 1 2 1 1170 0 0 0 1 1 0.00 0.00 1.00 120

3 1 2 1 1137 0 0 0 1 1 0.00 0.00 1.00 130

1 1 2 1 2738 0 0 0 1 6 0.00 0.00 1.00 140

3 1 2 1 1178 0 0 0 1 2 0.00 0.00 1.00 150

0 1 2 1 1823 0 0 0 1 2 0.00 0.00 1.00 160

0 1 2 1 2685 0 0 0 1 2 0.00 0.00 1.00 170

0 1 2 1 657 0 0 0 1 2 0.00 0.00 1.00 180

1 1 2 1 2844 0 0 0 1 3 0.00 0.00 1.00 190

1 1 2 1 945 0 0 0 1 3 0.00 0.00 1.00 200

1 1 2 1 1778 0 0 0 1 3 0.00 0.00 1.00 210

0 1 2 1 1107 0 0 0 1 2 0.00 0.00 1.00 25

0 1 2 1 761 0 0 0 1 4 0.00 0.00 1.00 35

0 1 2 1 1022 0 0 0 1 4 0.00 0.00 1.00 45

0 1 2 1 1531 0 0 0 1 3 0.00 0.00 1.00 55

10774 1 6 1 75 0 0 0 1 1 0.00 0.00 1.00 65

0 1 2 1 12804 0 0 0 1 3 0.00 0.00 1.00 75

0 1 2 1 2632 0 0 0 1 1 0.00 0.00 1.00 85

0 1 2 1 3243 0 0 0 1 4 0.00 0.00 1.00 95

0 1 2 1 12762 0 0 0 1 3 0.00 0.00 1.00 105

0 1 2 1 618 0 0 0 1 1 0.00 0.00 1.00 115

0 1 2 1 1468 0 0 1 1 1 0.00 0.00 1.00 125

0 1 2 1 630 0 0 0 1 2 0.00 0.00 1.00 135

0 1 2 1 2318 0 0 0 1 1 0.00 0.00 1.00 145

0 1 2 1 976 0 0 0 1 4 0.00 0.00 1.00 155

0 1 2 1 1228 0 0 0 1 3 0.00 0.00 1.00 165

0 1 2 1 1369 0 0 0 1 4 0.00 0.00 1.00 175

0 1 2 1 1328 0 0 0 1 4 0.00 0.00 1.00 185

0 1 3 1 10 0 0 0 1 1 0.00 0.00 1.00 195

0 1 2 1 1544 0 0 0 1 1 0.00 0.00 1.00 205

1 1 2 1 2252 0 0 0 1 7 0.00 0.00 1.00 5

0 1 3 1 6 0 0 0 1 1 0.00 0.00 1.00 15

1 1 2 1 3751 0 0 0 2 4 0.00 0.00 0.50 25

1 1 2 1 1671 0 0 0 1 3 0.00 0.00 1.00 35

1 1 2 1 1175 0 0 0 1 2 0.00 0.00 1.00 45

2 1 2 1 2890 0 0 0 1 2 0.00 0.00 1.00 55

2 1 2 1 1254 0 0 0 1 3 0.00 0.00 1.00 65

14 1 2 1 993 0 0 0 1 3 0.00 0.00 1.00 75

4 1 2 1 3187 0 0 0 1 3 0.00 0.00 1.00 85

3 1 2 1 1840 0 0 0 1 3 0.00 0.00 1.00 95

0 1 2 1 923 0 0 0 1 1 0.00 0.00 1.00 105

2 1 2 1 1032 0 0 0 1 1 0.00 0.00 1.00 115

2 1 2 1 1144 0 0 0 1 1 0.00 0.00 1.00 125

6 1 2 1 1470 0 0 0 1 2 0.00 0.00 1.00 135

0 1 2 1 1135 0 0 0 1 4 0.00 0.00 1.00 145

8 1 6 1 138 0 0 0 1 1 0.00 0.00 1.00 155

0 1 2 1 2712 0 0 0 1 1 0.00 0.00 1.00 165

1 1 2 1 2614 0 0 0 1 3 0.00 0.00 1.00 1

0 1 2 1 1485 0 0 0 1 3 0.00 0.00 1.00 11

1 1 2 1 4876 0 0 0 1 3 0.00 0.00 1.00 21

1 1 2 1 1232 0 0 0 1 2 0.00 0.00 1.00 31

0 1 2 1 747 0 0 0 1 1 0.00 0.00 1.00 41

0 1 2 1 1448 0 0 0 1 1 0.00 0.00 1.00 51

1 1 2 1 1214 0 0 0 1 2 0.00 0.00 1.00 61

0 1 2 1 597 0 0 0 1 1 0.00 0.00 1.00 71

0 1 2 1 1063 0 0 0 1 4 0.00 0.00 1.00 81

5 1 2 1 2706 0 0 0 1 2 0.00 0.00 1.00 91

23 1 2 1 12490 0 0 0 1 2 0.00 0.00 1.00 101

2 1 2 1 1835 0 0 0 1 3 0.00 0.00 1.00 111

0 1 2 1 1001 0 0 0 1 1 0.00 0.00 1.00 121

0 1 2 1 2076 0 0 0 1 4 0.00 0.00 1.00 131

4 1 2 1 2845 0 0 0 1 1 0.00 0.00 1.00 141

0 1 2 1 1744 0 0 0 1 4 0.00 0.00 1.00 151

1 1 2 1 1217 0 0 0 1 5 0.00 0.00 1.00 161

0 1 2 1 1482 0 0 0 1 1 0.00 0.00 1.00 171

0 1 2 1 2275 0 0 0 1 4 0.00 0.00 1.00 181

0 1 2 1 1139 0 0 0 1 1 0.00 0.00 1.00 191

1 1 2 1 2320 0 0 0 1 4 0.00 0.00 1.00 1

1 1 2 1 800 0 0 0 1 3 0.00 0.00 1.00 11

0 1 2 1 1429 0 0 0 1 3 0.00 0.00 1.00 21

0 1 2 1 1945 0 0 0 1 1 0.00 0.00 1.00 31

0 1 2 1 1473 0 0 0 1 4 0.00 0.00 1.00 41

0 1 2 1 1222 0 0 0 1 1 0.00 0.00 1.00 51

1 1 2 1 1448 0 0 0 1 1 0.00 0.00 1.00 61

0 1 2 1 1938 0 0 0 1 4 0.00 0.00 1.00 71

0 1 2 1 2267 0 0 0 1 1 0.00 0.00 1.00 81

1 1 2 1 1904 0 0 0 2 2 0.00 0.00 1.00 91

0 1 3 1 10 0 0 0 1 1 0.00 0.00 1.00 101

1 1 2 1 1170 0 0 0 1 4 0.00 0.00 1.00 111

1 1 2 1 1600 0 0 0 1 4 0.00 0.00 1.00 121

1 1 2 1 6433 0 0 0 1 2 0.00 0.00 1.00 131

0 1 2 1 889 0 0 0 1 1 0.00 0.00 1.00 141

0 1 2 1 726 0 0 0 1 1 0.00 0.00 1.00 151

0 1 2 1 842 0 0 0 1 3 0.00 0.00 1.00 7

1 1 2 1 1344 0 0 0 1 4 0.00 0.00 1.00 17

0 1 2 1 1547 0 0 0 1 4 0.00 0.00 1.00 27

0 1 2 1 1821 0 0 0 1 1 0.00 0.00 1.00 37

0 1 2 1 2169 0 0 0 1 1 0.00 0.00 1.00 47

1 1 2 1 1315 0 0 0 1 4 0.00 0.00 1.00 57

3 1 2 1 1253 0 0 0 1 2 0.00 0.00 1.00 67

23 1 2 1 2259 0 0 0 1 1 0.00 0.00 1.00 77

0 1 2 1 1784 0 0 0 1 1 0.00 0.00 1.00 87

6 1 2 1 753 0 0 0 1 2 0.00 0.00 1.00 97

0 1 2 1 1835 0 0 0 2 4 0.00 0.00 1.00 107

0 1 2 1 881 0 0 0 1 1 0.00 0.00 1.00 117

0 1 2 1 806 0 0 0 1 3 0.00 0.00 1.00 127

0 1 2 1 929 0 0 0 1 1 0.00 0.00 1.00 137

0 1 2 1 727 0 0 0 1 1 0.00 0.00 1.00 147

3 1 2 1 2907 0 0 0 1 2 0.00 0.00 1.00 157

1 1 2 1 930 0 0 0 1 1 0.00 0.00 1.00 167

0 1 2 1 1386 0 0 0 1 3 0.00 0.00 1.00 177

0 1 2 1 1349 0 0 0 1 2 0.00 0.00 1.00 187

0 1 2 1 1750 0 0 0 1 2 0.00 0.00 1.00 197

0 1 2 1 1512 0 0 0 2 2 0.00 0.00 1.00 207

0 1 2 1 754 0 0 0 1 1 0.00 0.00 1.00 217

0 1 2 1 905 0 0 0 1 1 0.00 0.00 1.00 5

0 1 2 1 1127 0 0 0 2 2 0.00 0.00 1.00 15

1 1 2 1 821 0 0 0 1 3 0.00 0.00 1.00 25

23 1 7 1 294 0 0 0 1 1 0.00 0.00 1.00 35

0 1 2 1 1598 0 0 0 1 1 0.00 0.00 1.00 45

1 1 2 1 1454 0 0 0 1 2 0.00 0.00 1.00 55

1 1 2 1 1874 0 0 0 1 2 0.00 0.00 1.00 65

2 1 2 1 1477 0 0 0 1 2 0.00 0.00 1.00 75

2 1 2 1 880 0 0 0 1 1 0.00 0.00 1.00 85

61 1 7 1 244 0 0 0 1 1 0.00 0.00 1.00 95

0 1 2 1 6471 0 0 0 1 1 0.00 0.00 1.00 105

0 1 2 1 1989 0 0 0 1 1 0.00 0.00 1.00 115

0 1 2 1 869 0 0 0 1 1 0.00 0.00 1.00 125

5 1 2 1 1137 0 0 0 2 2 0.00 0.00 1.00 135

4 1 2 1 1447 0 0 2 1 1 0.00 0.00 1.00 145

7 1 2 1 2846 0 0 0 1 1 0.00 0.00 1.00 155

4 1 2 1 2294 0 0 0 1 3 0.00 0.00 1.00 165

30 1 7 1 1402 0 0 0 1 1 0.00 0.00 1.00 175

0 1 2 1 549 0 0 0 1 1 0.00 0.00 1.00 185

1 1 2 1 1003 0 0 0 1 1 0.00 0.00 1.00 195

4 1 2 1 1435 0 0 0 1 1 0.00 0.00 1.00 205

27 1 7 1 898 0 0 0 1 1 0.00 0.00 1.00 215

1 1 2 1 1452 0 0 0 1 4 0.00 0.00 1.00 225

1 1 2 1 1213 0 0 0 1 4 0.00 0.00 1.00 235

0 1 3 1 7 0 0 0 1 1 0.00 0.00 1.00 245

1 1 2 1 2492 0 0 0 1 2 0.00 0.00 1.00 255

0 1 2 1 1970 0 0 0 1 3 0.00 0.00 1.00 1

1 1 2 1 1362 0 0 0 1 4 0.00 0.00 1.00 11

0 1 2 1 1318 0 0 0 1 1 0.00 0.00 1.00 21

0 1 2 1 1613 0 0 0 1 1 0.00 0.00 1.00 31

0 1 3 1 5 0 0 0 1 1 0.00 0.00 1.00 41

0 1 2 1 638 0 0 0 1 1 0.00 0.00 1.00 51

0 1 2 1 800 0 0 0 1 1 0.00 0.00 1.00 61

1 1 2 1 1027 0 0 0 1 3 0.00 0.00 1.00 71

2 1 2 1 1932 0 0 0 1 2 0.00 0.00 1.00 81

2 1 2 1 3334 0 0 0 1 2 0.00 0.00 1.00 91

0 1 2 1 1517 0 0 0 1 2 0.00 0.00 1.00 101

3 1 2 1 1180 0 0 0 1 2 0.00 0.00 1.00 111

6 1 2 1 1828 0 0 0 1 2 0.00 0.00 1.00 121

0 1 3 1 11 0 0 0 1 1 0.00 0.00 1.00 131

3 1 2 1 1105 0 0 0 1 2 0.00 0.00 1.00 141

0 1 2 1 1191 0 0 0 1 1 0.00 0.00 1.00 151

0 1 2 1 2762 0 0 0 1 2 0.00 0.00 1.00 161

0 1 3 1 10 0 0 0 1 1 0.00 0.00 1.00 171

0 1 2 1 628 0 0 0 1 1 0.00 0.00 1.00 6

0 1 2 1 4875 0 0 0 1 1 0.00 0.00 1.00 16

1 1 2 1 1379 0 0 0 1 3 0.00 0.00 1.00 26

1 1 2 1 981 0 0 0 1 3 0.00 0.00 1.00 36

0 1 2 1 1625 0 0 0 1 2 0.00 0.00 1.00 46

0 1 2 1 2269 0 0 0 2 2 0.00 0.00 1.00 56

0 1 2 1 1028 0 0 0 1 1 0.00 0.00 1.00 66

7 1 2 1 723 0 0 0 1 3 0.00 0.00 1.00 76

2 1 2 1 1281 0 0 0 1 3 0.00 0.00 1.00 86

29 1 3 1 9 0 0 0 1 1 0.00 0.00 1.00 96

2 1 2 1 3222 0 0 0 1 1 0.00 0.00 1.00 106

4 1 2 1 1735 0 0 0 1 1 0.00 0.00 1.00 116

5 1 2 1 1353 0 0 0 1 1 0.00 0.00 1.00 126

9 1 2 1 1829 0 0 0 1 1 0.00 0.00 1.00 136

6 1 2 1 2737 0 0 0 1 1 0.00 0.00 1.00 146

3 1 2 1 1123 0 0 0 1 2 0.00 0.00 1.00 156

3 1 2 1 1526 0 0 0 1 2 0.00 0.00 1.00 166

1 1 2 1 3486 0 0 0 1 3 0.00 0.00 1.00 176

0 1 2 1 1064 0 0 0 1 2 0.00 0.00 1.00 186

1 1 2 1 1193 0 0 0 1 3 0.00 0.00 1.00 196

1 1 2 1 1088 0 0 0 1 4 0.00 0.00 1.00 7

0 1 2 1 915 0 0 0 1 1 0.00 0.00 1.00 17

0 1 2 1 1271 0 0 0 1 1 0.00 0.00 1.00 27

1 1 2 1 2804 0 0 0 1 3 0.00 0.00 1.00 37

0 1 2 1 1705 0 0 0 1 1 0.00 0.00 1.00 47

0 1 2 1 1095 0 0 0 1 2 0.00 0.00 1.00 57

1 1 2 1 1039 0 0 0 1 2 0.00 0.00 1.00 67

1 1 2 1 867 0 0 0 1 3 0.00 0.00 1.00 77

0 1 2 1 1398 0 0 0 1 1 0.00 0.00 1.00 87

0 1 2 1 1656 0 0 0 1 1 0.00 0.00 1.00 97

0 1 3 1 8 0 0 0 1 1 0.00 0.00 1.00 107

0 1 2 1 12748 0 0 0 1 1 0.00 0.00 1.00 117

1 1 2 1 1396 0 0 0 1 2 0.00 0.00 1.00 127

3 1 2 1 1049 0 0 0 1 1 0.00 0.00 1.00 137

0 1 2 1 1566 0 0 0 1 1 0.00 0.00 1.00 147

0 1 2 1 1236 0 0 0 1 2 0.00 0.00 1.00 157

0 1 2 1 1548 0 0 0 1 1 0.00 0.00 1.00 167

1 1 2 1 1195 0 0 0 1 4 0.00 0.00 1.00 177

0 1 2 1 747 0 0 0 1 1 0.00 0.00 1.00 8

0 1 2 1 1018 0 0 0 1 3 0.00 0.00 1.00 18

0 1 2 1 1070 0 0 0 2 3 0.00 0.00 0.50 28

0 1 2 1 753 0 0 0 1 1 0.00 0.00 1.00 38

0 1 2 1 616 0 0 0 1 2 0.00 0.00 1.00 48

0 1 2 1 2141 0 0 0 1 4 0.00 0.00 1.00 58

0 1 2 1 6210 0 0 0 1 1 0.00 0.00 1.00 68

0 1 2 1 1151 0 0 0 2 1 0.00 0.00 0.50 78

0 1 2 1 811 0 0 0 1 1 0.00 0.00 1.00 88

3 1 2 1 5208 0 0 0 1 1 0.00 0.00 1.00 98

0 1 2 1 1889 0 0 0 1 5 0.00 0.00 1.00 108

0 1 2 1 1579 0 0 0 1 1 0.00 0.00 1.00 118

0 1 2 1 1000 0 0 0 1 1 0.00 0.00 1.00 128

1 1 2 1 950 0 0 0 2 1 0.00 0.00 0.50 138

0 1 1 1 216 0 0 0 6 6 0.00 0.00 1.00 6

0 1 1 1 244 0 0 0 3 3 0.00 0.00 1.00 16

0 1 1 1 241 0 0 0 6 9 0.00 0.00 1.00 26

0 1 1 1 225 0 0 0 3 3 0.00 0.00 1.00 36

0 1 1 1 278 0 0 0 10 14 0.00 0.00 1.00 46

0 1 1 1 329 0 0 0 7 7 0.00 0.00 1.00 56

0 1 1 1 159 0 0 0 5 5 0.00 0.00 1.00 66

0 1 1 1 266 0 0 0 2 2 0.00 0.00 1.00 76

0 1 1 1 232 0 0 0 5 5 0.00 0.00 1.00 86

0 1 1 1 223 0 0 0 2 2 0.00 0.00 1.00 96

0 1 1 1 284 0 0 0 8 23 0.00 0.00 1.00 106

0 1 1 1 313 0 0 0 5 5 0.00 0.00 1.00 116

0 1 1 1 355 0 0 0 3 11 0.00 0.00 1.00 3

0 1 1 1 171 0 0 0 2 11 0.00 0.00 1.00 13

0 1 1 1 275 0 0 0 2 5 0.00 0.00 1.00 23

0 1 1 1 355 0 0 0 3 3 0.00 0.00 1.00 33

0 1 1 1 189 0 0 0 2 2 0.00 0.00 1.00 43

0 1 1 1 220 0 0 0 2 9 0.00 0.00 1.00 53

0 1 1 1 158 0 0 0 2 2 0.00 0.00 1.00 63

0 1 1 1 199 0 0 0 3 3 0.00 0.00 1.00 73

0 1 1 1 238 0 0 0 4 4 0.00 0.00 1.00 83

0 1 1 1 207 0 0 0 4 4 0.00 0.00 1.00 93

0 1 1 1 221 0 0 0 5 5 0.00 0.00 1.00 103

0 1 1 1 239 0 0 0 2 8 0.00 0.00 1.00 5

0 1 1 1 196 0 0 0 2 10 0.00 0.00 1.00 2

0 1 1 1 196 0 0 0 12 20 0.00 0.00 1.00 12

0 1 1 1 186 0 0 0 9 9 0.00 0.00 1.00 22

0 3 8 1 30 0 0 0 1 1 0.00 0.00 1.00 6

0 3 8 1 30 0 0 0 1 1 0.00 0.00 1.00 16

0 3 8 1 30 0 0 0 1 1 0.00 0.00 1.00 26

0 2 4 1 33 0 0 0 2 5 0.00 0.00 0.50 5

0 2 4 1 33 0 0 0 1 5 0.00 0.00 1.00 15

0 2 4 1 17 0 0 0 1 1 0.00 0.00 1.00 25

0 2 4 1 36 0 0 0 2 2 0.00 0.00 1.00 35

0 2 4 1 33 0 0 0 1 6 0.00 0.00 1.00 45

0 2 4 1 17 0 0 0 1 3 0.00 0.00 1.00 55

0 2 4 1 45 0 0 0 3 3 0.00 0.00 1.00 65

0 2 4 1 45 0 0 0 12 12 0.00 0.00 1.00 75

0 2 4 1 43 0 0 0 22 22 0.00 0.00 1.00 85

0 2 4 1 45 0 0 0 31 31 0.00 0.00 1.00 95

0 2 4 1 44 0 0 0 40 40 0.00 0.00 1.00 105

0 2 4 1 33 0 0 0 1 3 0.00 0.00 1.00 115

0 2 4 1 45 0 0 0 56 56 0.00 0.00 1.00 125

0 2 4 1 46 0 0 0 64 64 0.00 0.00 1.00 135

0 2 4 1 45 0 0 0 73 73 0.00 0.00 1.00 145

0 2 4 1 44 0 0 0 2 1 0.00 0.00 0.50 155

0 2 4 1 46 0 0 0 7 7 0.00 0.00 1.00 165

0 2 4 1 44 0 0 0 16 16 0.00 0.00 1.00 175

0 2 4 1 44 0 0 0 26 26 0.00 0.00 1.00 185

0 2 4 1 42 0 0 0 35 35 0.00 0.00 1.00 195

0 2 4 1 44 0 0 0 44 44 0.00 0.00 1.00 205

0 2 4 1 44 0 0 0 54 54 0.00 0.00 1.00 215

0 2 4 1 46 0 0 0 64 64 0.00 0.00 1.00 225

0 2 4 1 45 0 0 0 74 74 0.00 0.00 1.00 235

0 2 4 1 36 0 0 0 1 5 0.00 0.00 1.00 245

0 2 4 1 44 0 0 0 9 9 0.00 0.00 1.00 255

0 2 4 1 44 0 0 0 17 17 0.00 0.00 1.00 255

0 2 4 1 46 0 0 0 27 27 0.00 0.00 1.00 255

0 2 4 1 43 0 0 0 36 36 0.00 0.00 1.00 255

0 2 4 1 46 0 0 0 45 45 0.00 0.00 1.00 255

0 2 4 1 44 0 0 0 55 55 0.00 0.00 1.00 255

0 2 4 1 44 0 0 0 65 65 0.00 0.00 1.00 255

0 2 4 1 46 0 0 0 75 75 0.00 0.00 1.00 255

0 2 4 1 44 0 0 0 3 3 0.00 0.00 1.00 255

0 2 4 1 44 0 0 0 13 13 0.00 0.00 1.00 255

0 2 4 1 46 0 0 0 23 23 0.00 0.00 1.00 255

0 2 4 1 43 0 0 0 33 33 0.00 0.00 1.00 255

0 2 4 1 45 0 0 0 43 43 0.00 0.00 1.00 255

0 2 4 1 45 0 0 0 53 53 0.00 0.00 1.00 255

0 2 4 1 46 0 0 0 63 63 0.00 0.00 1.00 255

0 2 4 1 44 0 0 0 73 73 0.00 0.00 1.00 255

0 2 4 1 43 0 0 0 1 1 0.00 0.00 1.00 255

0 2 4 1 44 0 0 0 9 9 0.00 0.00 1.00 255

0 2 4 1 46 0 0 0 19 19 0.00 0.00 1.00 255

0 2 4 1 45 0 0 0 29 29 0.00 0.00 1.00 255

0 2 4 1 43 0 0 0 39 39 0.00 0.00 1.00 255

0 2 4 1 45 0 0 0 49 49 0.00 0.00 1.00 255

0 2 4 1 44 0 0 0 59 59 0.00 0.00 1.00 255

0 2 4 1 44 0 0 0 69 69 0.00 0.00 1.00 255

0 2 4 1 44 0 0 0 79 79 0.00 0.00 1.00 255

0 2 4 1 44 0 0 0 7 7 0.00 0.00 1.00 255

0 2 4 1 36 0 0 0 1 7 0.00 0.00 1.00 255

0 2 4 1 42 0 0 0 24 24 0.00 0.00 1.00 255

0 2 4 1 44 0 0 0 34 34 0.00 0.00 1.00 255

0 2 4 1 43 0 0 0 44 44 0.00 0.00 1.00 255

0 2 4 1 46 0 0 0 54 54 0.00 0.00 1.00 255

0 2 4 1 44 0 0 0 64 64 0.00 0.00 1.00 255

0 2 4 1 45 0 0 0 74 74 0.00 0.00 1.00 255

0 2 4 1 46 0 0 0 2 2 0.00 0.00 1.00 255

0 2 4 1 44 0 0 0 12 12 0.00 0.00 1.00 255

0 2 4 1 45 0 0 0 1 2 0.00 0.00 1.00 255

0 2 4 1 43 0 0 0 1 1 0.00 0.00 1.00 255

0 2 9 1 48 0 0 0 1 1 0.00 0.00 1.00 255

0 2 9 1 48 0 0 0 1 1 0.00 0.00 1.00 255

0 2 4 1 33 0 0 0 1 3 0.00 0.00 1.00 255

0 2 9 1 48 0 0 0 1 1 0.00 0.00 1.00 255

0 2 9 1 48 0 0 0 1 1 0.00 0.00 1.00 255

26 1 7 1 329 0 0 0 1 1 0.00 0.00 1.00 255

0 2 4 1 17 0 0 0 1 1 0.00 0.00 1.00 255

0 2 9 1 48 0 0 0 1 1 0.00 0.00 1.00 255

0 2 4 1 36 0 0 0 2 4 0.00 0.00 1.00 255

0 2 9 1 48 0 0 0 1 1 0.00 0.00 1.00 255

0 2 9 1 48 0 0 0 1 1 0.00 0.00 1.00 255

0 2 9 1 48 0 0 0 1 1 0.00 0.00 1.00 255

0 2 4 1 34 0 0 0 1 17 0.00 0.00 1.00 255

0 2 9 1 48 0 0 0 1 1 0.00 0.00 1.00 255

0 2 4 1 36 0 0 0 1 1 0.00 0.00 1.00 255

0 2 4 1 36 0 0 0 2 2 0.00 0.00 1.00 255

0 2 4 1 33 0 0 0 1 3 0.00 0.00 1.00 255

0 2 9 1 48 0 0 0 1 1 0.00 0.00 1.00 255

0 2 9 1 48 0 0 0 1 1 0.00 0.00 1.00 255

0 2 4 1 17 0 0 0 1 1 0.00 0.00 1.00 255

0 2 9 1 48 0 0 0 1 1 0.00 0.00 1.00 255

0 2 4 1 39 0 0 0 1 1 0.00 0.00 1.00 2

0 2 4 1 30 0 0 0 1 1 0.00 0.00 1.00 12

0 2 4 1 29 0 0 0 1 1 0.00 0.00 1.00 22

0 2 4 1 39 0 0 0 2 4 0.00 0.00 1.00 32

0 2 4 1 31 0 0 0 1 1 0.00 0.00 1.00 42

0 2 4 1 45 0 0 0 3 3 0.00 0.00 1.00 52

0 3 10 1 30 0 0 0 1 1 0.00 0.00 1.00 3

0 3 10 1 30 0 0 0 1 1 0.00 0.00 1.00 13

0 3 10 1 30 0 0 0 1 1 0.00 0.00 1.00 23

0 3 10 1 30 0 0 0 1 1 0.00 0.00 1.00 33

0 3 10 1 30 0 0 0 1 1 0.00 0.00 1.00 43

0 3 10 1 30 0 0 0 1 1 0.00 0.00 1.00 53

0 3 10 1 30 0 0 0 1 1 0.00 0.00 1.00 63

0 3 10 1 30 0 0 0 1 1 0.00 0.00 1.00 73

0 3 10 1 30 0 0 0 1 1 0.00 0.00 1.00 83

0 3 10 1 30 0 0 0 1 1 0.00 0.00 1.00 93

63 2 9 1 48 0 0 0 1 1 0.00 0.00 1.00 1

63 2 9 1 48 0 0 0 1 1 0.00 0.00 1.00 11

127 2 9 1 48 0 0 0 1 1 0.00 0.00 1.00 21

63 2 9 1 48 0 0 0 1 1 0.00 0.00 1.00 31

0 1 1 1 295 0 0 0 1 1 0.00 0.00 1.00 1

0 1 1 1 249 0 0 0 1 3 0.00 0.00 1.00 6

0 1 1 1 239 0 0 0 7 9 0.00 0.00 1.00 16

0 1 1 1 236 0 0 0 1 7 0.00 0.00 1.00 3

0 1 1 1 238 0 0 0 3 5 0.00 0.00 1.00 6

0 1 1 1 242 0 0 0 13 16 0.00 0.00 1.00 16

0 1 1 1 359 0 0 0 7 8 0.00 0.00 1.00 7

0 1 1 1 331 0 0 0 1 1 0.00 0.00 1.00 1

0 1 1 1 330 0 0 0 11 12 0.00 0.00 1.00 11

0 1 1 1 328 0 0 0 21 22 0.00 0.00 1.00 21

0 1 1 1 350 0 0 0 10 12 0.00 0.00 1.00 31

0 1 1 1 354 0 0 0 20 23 0.00 0.00 1.00 41

0 1 1 1 296 0 0 0 1 1 0.00 0.00 1.00 51

0 1 1 1 212 0 0 0 1 23 0.00 0.00 1.00 2

0 1 1 1 227 0 0 0 2 16 0.00 0.00 1.00 10

0 1 1 1 192 0 0 0 1 1 0.00 0.00 1.00 2

0 1 1 1 216 0 0 0 2 2 0.00 0.00 1.00 10

0 1 1 1 192 0 0 0 2 3 0.00 0.00 1.00 20

0 1 1 1 292 0 0 0 3 3 0.00 0.00 1.00 6

0 1 1 1 221 0 0 0 2 7 0.00 0.00 1.00 7

0 1 1 1 318 0 0 0 4 11 0.00 0.00 1.00 17

0 1 1 1 336 0 0 0 1 8 0.00 0.00 1.00 1

0 1 1 1 349 0 0 0 4 4 0.00 0.00 1.00 11

0 1 1 1 335 0 0 0 2 2 0.00 0.00 1.00 21

0 1 1 1 216 0 0 0 3 3 0.00 0.00 1.00 3

0 1 1 1 216 0 0 0 13 13 0.00 0.00 1.00 13

0 1 1 1 187 0 0 0 3 3 0.00 0.00 1.00 23

0 1 1 1 246 0 0 0 13 13 0.00 0.00 1.00 33

0 1 1 1 239 0 0 0 4 4 0.00 0.00 1.00 43

0 1 1 1 279 0 0 0 8 8 0.00 0.00 1.00 8

0 1 1 1 281 0 0 0 18 18 0.00 0.00 1.00 18

0 1 1 1 286 0 0 0 5 5 0.00 0.00 1.00 28

0 1 1 1 286 0 0 0 15 15 0.00 0.00 1.00 38

0 1 1 1 206 0 0 0 4 4 0.00 0.00 1.00 48

0 1 1 1 209 0 0 0 14 14 0.00 0.00 1.00 58

0 1 1 1 161 0 0 0 1 1 0.00 0.00 1.00 68

0 1 1 1 213 0 0 0 11 11 0.00 0.00 1.00 78

0 1 1 1 182 0 0 0 1 1 0.00 0.00 1.00 88

0 1 1 1 168 0 0 0 2 2 0.00 0.00 1.00 10

0 1 1 1 305 0 0 0 3 3 0.00 0.00 1.00 3

0 1 1 1 302 0 0 0 13 13 0.00 0.00 1.00 13

0 1 1 1 323 0 0 0 4 4 0.00 0.00 1.00 23

0 1 1 1 323 0 0 0 5 5 0.00 0.00 1.00 33

0 1 1 1 324 0 0 0 1 1 0.00 0.00 1.00 43

0 1 1 1 326 0 0 0 11 11 0.00 0.00 1.00 53

0 1 1 1 313 0 0 0 6 6 0.00 0.00 1.00 63

0 1 1 1 311 0 0 0 16 16 0.00 0.00 1.00 73

0 1 1 1 254 0 0 0 7 7 0.00 0.00 1.00 83

0 1 1 1 261 0 0 0 8 8 0.00 0.00 1.00 93

0 1 1 1 308 0 0 0 4 4 0.00 0.00 1.00 103

0 1 1 1 317 0 0 0 14 14 0.00 0.00 1.00 113

0 1 1 1 235 0 0 0 5 5 0.00 0.00 1.00 5

0 1 1 1 235 0 0 0 7 7 0.00 0.00 1.00 15

0 1 1 1 161 0 0 0 1 1 0.00 0.00 1.00 1

0 1 1 1 210 0 0 0 5 5 0.00 0.00 1.00 5

0 1 1 1 243 0 0 0 15 15 0.00 0.00 1.00 15

0 1 1 1 220 0 0 0 10 10 0.00 0.00 1.00 25

0 1 1 1 224 0 0 0 5 7 0.00 0.00 1.00 35

0 1 1 1 226 0 0 0 1 1 0.00 0.00 1.00 45

0 1 1 1 226 0 0 0 11 11 0.00 0.00 1.00 55

0 1 1 1 315 0 0 0 6 6 0.00 0.00 1.00 6

0 1 1 1 313 0 0 0 6 8 0.00 0.00 1.00 16

0 1 1 1 313 0 0 0 6 8 0.00 0.00 1.00 26

0 1 1 1 313 0 0 0 6 7 0.00 0.00 1.00 36

0 1 1 1 315 0 0 0 6 7 0.00 0.00 1.00 46

0 1 1 1 313 0 0 0 6 7 0.00 0.00 1.00 56

0 1 1 1 288 0 0 0 2 2 0.00 0.00 1.00 2

0 1 1 1 196 0 0 0 3 20 0.00 0.00 1.00 12

0 1 1 1 175 0 0 0 1 8 0.00 0.00 1.00 4

0 1 1 1 201 0 0 0 8 8 0.00 0.00 1.00 8

0 1 1 1 163 0 0 0 9 9 0.00 0.00 1.00 18

0 1 1 1 199 0 0 0 3 3 0.00 0.00 1.00 28

0 1 1 1 211 0 0 0 4 4 0.00 0.00 1.00 4

0 1 1 1 246 0 0 0 2 14 0.00 0.00 1.00 2

0 1 1 1 297 0 0 0 9 24 0.00 0.00 1.00 12

0 1 1 1 236 0 0 0 2 3 0.00 0.00 1.00 4

0 1 1 1 267 0 0 0 1 11 0.00 0.00 1.00 14

0 1 1 1 308 0 0 0 1 1 0.00 0.00 1.00 2

0 1 2 1 1571 0 0 0 1 3 0.00 0.00 1.00 6

0 1 3 1 6 0 0 0 1 1 0.00 0.00 1.00 16

0 1 2 1 3130 0 0 0 2 2 0.00 0.00 1.00 26

0 1 2 1 1145 0 0 0 2 1 0.00 0.00 0.50 36

0 1 2 1 1831 0 0 0 1 2 0.00 0.00 1.00 46

0 1 2 1 1149 0 0 0 1 2 0.00 0.00 1.00 56

0 1 2 1 1346 0 0 0 1 1 0.00 0.00 1.00 66

0 2 4 1 30 0 0 0 1 4 0.00 0.00 1.00 76

0 2 4 1 30 0 0 0 1 4 0.00 0.00 1.00 86

0 1 2 1 946 0 0 0 1 1 0.00 0.00 1.00 96

0 1 2 1 1606 0 0 0 1 1 0.00 0.00 1.00 106

0 1 2 1 1429 0 0 0 1 1 0.00 0.00 1.00 116

0 2 4 1 30 0 0 0 1 2 0.00 0.00 1.00 126

0 1 2 1 843 0 0 0 1 1 0.00 0.00 1.00 136

0 1 5 1 10 0 0 0 2 1 0.00 0.00 0.50 146

0 1 2 1 984 0 0 0 1 1 0.00 0.00 1.00 156

0 1 3 1 6 0 0 0 2 1 0.00 0.00 0.50 166

0 1 2 1 648 0 0 0 1 1 0.00 0.00 1.00 176

0 1 2 1 584 0 0 0 1 1 0.00 0.00 1.00 186

2 1 2 1 2485 0 0 0 1 4 0.00 0.00 1.00 196

0 1 2 1 1047 0 0 0 1 1 0.00 0.00 1.00 206

0 1 2 1 790 0 0 0 1 1 0.00 0.00 1.00 216

0 2 4 1 33 0 0 0 1 2 0.00 0.00 1.00 226

0 1 2 1 1049 0 0 0 1 1 0.00 0.00 1.00 236

0 1 2 1 1303 0 0 0 1 1 0.00 0.00 1.00 246

0 1 2 1 764 0 0 0 1 1 0.00 0.00 1.00 255

0 1 2 1 1330 0 0 0 2 1 0.00 0.00 0.50 255

0 1 2 1 794 0 0 0 1 1 0.00 0.00 1.00 255

0 1 2 1 1872 0 0 0 1 1 0.00 0.00 1.00 4

0 1 2 1 1852 0 0 0 1 1 0.00 0.00 1.00 14

0 1 2 1 1122 0 0 0 1 1 0.00 0.00 1.00 24

0 2 4 1 30 0 0 0 1 2 0.00 0.00 1.00 34

0 1 3 1 13 0 0 0 1 1 0.00 0.00 1.00 44

0 1 2 1 2564 0 0 0 1 1 0.00 0.00 1.00 54

0 1 2 1 682 0 0 0 1 1 0.00 0.00 1.00 64

0 1 5 1 10 0 0 0 2 1 0.00 0.00 0.50 74

1 1 2 1 1106 0 0 0 3 3 0.00 0.00 0.33 84

0 1 2 1 1608 0 0 0 1 1 0.00 0.00 1.00 94

1 1 2 1 1930 0 0 0 1 2 0.00 0.00 1.00 104

0 1 2 1 1364 0 0 0 1 1 0.00 0.00 1.00 114

0 1 2 1 1112 0 0 0 1 1 0.00 0.00 1.00 124

1 1 2 1 2000 0 0 0 1 2 0.00 0.00 1.00 134

0 2 4 1 33 0 0 0 1 2 0.00 0.00 1.00 144

1 1 2 1 1131 0 0 0 1 2 0.00 0.00 1.00 154

0 1 2 1 588 0 0 0 1 1 0.00 0.00 1.00 164

0 1 2 1 810 0 0 0 1 2 0.00 0.00 1.00 174

0 2 4 1 33 0 0 0 1 3 0.00 0.00 1.00 184

0 1 5 1 9 0 0 0 3 1 0.00 0.00 0.33 194

0 1 1 1 211 0 0 0 3 24 0.00 0.00 1.00 6

0 1 2 1 1855 0 0 0 1 2 0.00 0.00 1.00 10

0 1 2 1 839 0 0 0 1 1 0.00 0.00 1.00 20

0 2 4 1 29 0 0 0 1 2 0.00 0.00 1.00 30

0 1 2 1 1038 0 0 0 1 1 0.00 0.00 1.00 40

0 1 2 1 3107 0 0 0 1 2 0.00 0.00 1.00 50

0 1 2 1 1678 0 0 0 1 1 0.00 0.00 1.00 60

0 2 4 1 29 0 0 0 1 2 0.00 0.00 1.00 70

0 1 2 1 1119 0 0 0 1 1 0.00 0.00 1.00 80

0 2 4 1 34 0 0 0 1 2 0.00 0.00 1.00 90

0 2 4 1 29 0 0 0 1 3 0.00 0.00 1.00 100

0 1 2 1 1474 0 0 0 1 2 0.00 0.00 1.00 110

0 1 2 1 1992 0 0 0 1 1 0.00 0.00 1.00 120

0 2 4 1 29 0 0 0 1 6 0.00 0.00 1.00 130

0 1 2 1 1663 0 0 0 1 2 0.00 0.00 1.00 140

1 1 2 1 1131 0 0 0 1 2 0.00 0.00 1.00 150

0 1 2 1 1081 0 0 0 1 4 0.00 0.00 1.00 160

0 1 2 1 1348 0 0 0 1 1 0.00 0.00 1.00 170

0 1 2 1 1021 0 0 0 1 1 0.00 0.00 1.00 180

0 1 2 1 767 0 0 0 1 1 0.00 0.00 1.00 190

0 1 2 1 878 0 0 0 1 1 0.00 0.00 1.00 200

1 1 2 1 1590 0 0 0 1 3 0.00 0.00 1.00 210

0 1 5 1 10 0 0 0 2 1 0.00 0.00 0.50 5

0 1 2 1 1473 0 0 0 2 1 0.00 0.00 0.50 15

0 1 2 1 618 0 0 0 1 1 0.00 0.00 1.00 25

0 1 2 1 995 0 0 0 1 1 0.00 0.00 1.00 35

0 1 2 1 817 0 0 0 1 1 0.00 0.00 1.00 45

0 1 2 1 748 0 0 0 1 1 0.00 0.00 1.00 55

0 1 2 1 1044 0 0 1 1 1 0.00 0.00 1.00 65

0 1 2 1 2754 0 0 0 1 2 0.00 0.00 1.00 75

0 1 2 1 1500 0 0 0 2 3 0.00 0.00 0.50 85

0 1 2 1 834 0 0 0 1 1 0.00 0.00 1.00 95

0 1 2 1 1659 0 0 0 1 1 0.00 0.00 1.00 105

0 1 2 1 950 0 0 0 1 1 0.00 0.00 1.00 115

0 1 2 1 1778 0 0 0 1 1 0.00 0.00 1.00 125

0 2 4 1 31 0 0 0 1 4 0.00 0.00 1.00 135

0 1 2 1 885 0 0 0 1 1 0.00 0.00 1.00 145

0 1 2 1 1268 0 0 0 1 1 0.00 0.00 1.00 155

0 1 2 1 1654 0 0 1 1 1 0.00 0.00 1.00 165

0 1 2 1 1691 0 0 0 1 1 0.00 0.00 1.00 175

0 2 4 1 31 0 0 0 3 2 0.00 0.00 0.33 185

0 1 2 1 943 0 0 0 1 1 0.00 0.00 1.00 195

0 1 3 1 8 0 0 0 1 1 0.00 0.00 1.00 205

0 1 2 1 938 0 0 1 1 1 0.00 0.00 1.00 2

0 1 2 1 881 0 0 0 1 1 0.00 0.00 1.00 12

1 1 2 1 1070 0 0 0 1 6 0.00 0.00 1.00 22

0 2 4 1 33 0 0 0 1 2 0.00 0.00 1.00 32

0 1 5 1 10 0 0 0 2 1 0.00 0.00 0.50 42

0 1 2 1 895 0 0 0 1 6 0.00 0.00 1.00 52

1 1 2 1 1080 0 0 0 1 4 0.00 0.00 1.00 62

0 1 2 1 1791 0 0 0 1 2 0.00 0.00 1.00 72

0 1 2 1 649 0 0 0 1 2 0.00 0.00 1.00 82

0 1 2 1 2561 0 0 0 2 1 0.00 0.00 0.50 92

0 1 2 1 788 0 0 0 1 4 0.00 0.00 1.00 102

0 2 4 1 29 0 0 0 1 4 0.00 0.00 1.00 112

0 1 2 1 573 0 0 0 1 1 0.00 0.00 1.00 122

1 1 2 1 737 0 0 0 1 4 0.00 0.00 1.00 132

0 1 5 1 10 0 0 0 2 1 0.00 0.00 0.50 142

0 1 2 1 1288 0 0 0 1 2 0.00 0.00 1.00 152

0 1 3 1 7 0 0 0 1 1 0.00 0.00 1.00 162

0 1 2 1 818 0 0 0 1 1 0.00 0.00 1.00 172

0 1 2 1 891 0 0 0 1 1 0.00 0.00 1.00 182

1 1 2 1 1600 0 0 0 1 2 0.00 0.00 1.00 192

1 1 2 1 2001 0 0 0 1 3 0.00 0.00 1.00 202

0 1 2 1 1180 0 0 0 1 1 0.00 0.00 1.00 212

1 1 2 1 977 0 0 0 1 3 0.00 0.00 1.00 222

0 1 2 1 1026 0 0 0 2 1 0.00 0.00 0.50 232

0 1 2 1 2452 0 0 0 1 1 0.00 0.00 1.00 242

0 1 2 1 743 0 0 0 2 2 0.00 0.00 0.50 252

0 1 3 1 8 0 0 0 1 1 0.00 0.00 1.00 255

0 1 2 1 698 0 0 0 1 4 0.00 0.00 1.00 255

1 1 2 1 1422 0 0 0 1 4 0.00 0.00 1.00 255

0 1 2 1 1234 0 0 0 1 1 0.00 0.00 1.00 255

1 1 2 1 875 0 0 0 1 3 0.00 0.00 1.00 255

1 1 2 1 1074 0 0 0 1 2 0.00 0.00 1.00 9

0 1 2 1 1579 0 0 0 1 1 0.00 0.00 1.00 19

0 1 2 1 638 0 0 0 1 1 0.00 0.00 1.00 29

0 2 4 1 36 0 0 0 2 4 0.00 0.00 1.00 39

0 1 2 1 1981 0 0 0 1 1 0.00 0.00 1.00 49

1 1 2 1 1403 0 0 0 1 1 0.00 0.00 1.00 59

1 1 2 1 1820 0 0 0 1 3 0.00 0.00 1.00 69

1 1 2 1 949 0 0 0 1 2 0.00 0.00 1.00 79

0 1 2 1 1567 0 0 0 2 1 0.00 0.00 0.50 89

0 1 2 1 1877 0 0 0 1 1 0.00 0.00 1.00 99

0 2 4 1 31 0 0 0 1 3 0.00 0.00 1.00 109

0 1 5 1 9 0 0 0 2 1 0.00 0.00 0.50 119

0 1 5 1 10 0 0 0 2 1 0.00 0.00 0.50 129

0 2 4 1 31 0 0 0 1 6 0.00 0.00 1.00 139

1 1 2 1 2004 0 0 0 1 3 0.00 0.00 1.00 149

0 1 2 1 758 0 0 0 1 1 0.00 0.00 1.00 159

1 1 2 1 1134 0 0 0 1 3 0.00 0.00 1.00 169

0 2 4 1 36 0 0 0 1 3 0.00 0.00 1.00 179

0 2 4 1 31 0 0 0 1 6 0.00 0.00 1.00 189

1 1 2 1 1523 0 0 0 1 1 0.00 0.00 1.00 199

1 1 2 1 846 0 0 0 1 3 0.00 0.00 1.00 209

0 1 2 1 1760 0 0 0 1 2 0.00 0.00 1.00 10

1 1 2 1 1368 0 0 0 1 3 0.00 0.00 1.00 20

0 1 2 1 652 0 0 0 1 1 0.00 0.00 1.00 30

0 1 2 1 973 0 0 0 1 1 0.00 0.00 1.00 40

0 1 2 1 833 0 0 0 1 1 0.00 0.00 1.00 50

1 1 2 1 1389 0 0 0 1 3 0.00 0.00 1.00 60

1 1 2 1 790 0 0 0 1 1 0.00 0.00 1.00 70

0 2 4 1 32 0 0 0 1 2 0.00 0.00 1.00 80

0 1 2 1 835 0 0 0 3 2 0.00 0.00 0.33 90

0 2 4 1 32 0 0 0 1 4 0.00 0.00 1.00 100

0 1 2 1 551 0 0 0 1 1 0.00 0.00 1.00 110

0 2 4 1 32 0 0 0 1 4 0.00 0.00 1.00 120

0 1 2 1 1299 0 0 0 1 1 0.00 0.00 1.00 130

1 1 2 1 1277 0 0 0 1 2 0.00 0.00 1.00 140

0 1 2 1 891 0 0 0 1 1 0.00 0.00 1.00 150

0 1 2 1 718 0 0 0 1 4 0.00 0.00 1.00 160

0 1 2 1 1498 0 0 0 1 2 0.00 0.00 1.00 170

0 1 2 1 678 0 0 0 1 1 0.00 0.00 1.00 180

0 1 2 1 1285 0 0 0 1 1 0.00 0.00 1.00 190

0 1 2 1 1497 0 0 0 2 1 0.00 0.00 0.50 200

0 1 2 1 658 0 0 0 1 1 0.00 0.00 1.00 210

0 2 4 1 34 0 0 0 1 2 0.00 0.00 1.00 220

0 1 5 1 9 0 0 0 2 1 0.00 0.00 0.50 230

0 2 4 1 34 0 0 0 1 2 0.00 0.00 1.00 240

0 1 2 1 975 0 0 0 1 2 0.00 0.00 1.00 250

0 1 2 1 888 0 0 0 1 1 0.00 0.00 1.00 1

0 1 2 1 1384 0 0 0 1 1 0.00 0.00 1.00 11

20 1 7 1 233 0 0 0 1 1 0.00 0.00 1.00 21

0 2 4 1 32 0 0 0 1 2 0.00 0.00 1.00 31

20 1 7 1 230 0 0 0 1 1 0.00 0.00 1.00 41

1 1 2 1 1037 0 0 0 1 2 0.00 0.00 1.00 51

27 1 7 1 1086 0 0 0 1 1 0.00 0.00 1.00 61

0 1 2 1 1308 0 0 0 1 1 0.00 0.00 1.00 71

1 1 2 1 1947 0 0 0 1 2 0.00 0.00 1.00 81

0 2 4 1 29 0 0 0 1 2 0.00 0.00 1.00 91

0 1 2 1 1423 0 0 0 1 1 0.00 0.00 1.00 101

1 1 2 1 1717 0 0 0 2 2 0.00 0.00 0.50 111

20 1 7 1 244 0 0 0 1 1 0.00 0.00 1.00 121

0 1 5 1 10 0 0 0 2 1 0.00 0.00 0.50 131

1 1 2 1 1470 0 0 0 1 3 0.00 0.00 1.00 141

1 1 7 1 60 0 1 0 1 1 0.00 0.00 1.00 151

22 1 7 1 281 0 0 0 1 1 0.00 0.00 1.00 161

27 1 7 1 1201 0 0 0 2 1 0.00 0.00 0.50 171

1 1 2 1 1346 0 0 0 1 3 0.00 0.00 1.00 181

22 1 7 1 332 0 0 0 1 1 0.00 0.00 1.00 191

0 1 2 1 887 0 0 0 1 2 0.00 0.00 1.00 201

1 1 2 1 790 0 0 0 1 3 0.00 0.00 1.00 211

0 2 4 1 29 0 0 0 1 1 0.00 0.00 1.00 221

1 1 2 1 1490 0 0 0 1 3 0.00 0.00 1.00 231

27 1 7 1 710 0 0 0 1 1 0.00 0.00 1.00 241

0 2 4 1 29 0 0 0 1 5 0.00 0.00 1.00 251

25 1 7 1 336 0 0 0 1 1 0.00 0.00 1.00 255

0 1 1 1 211 0 0 0 9 9 0.00 0.00 1.00 9

0 1 1 1 170 0 0 0 1 1 0.00 0.00 1.00 1

0 1 1 1 276 0 0 0 4 5 0.00 0.00 1.00 4

0 1 1 1 248 0 0 0 1 1 0.00 0.00 1.00 14

0 1 1 1 177 0 0 0 1 10 0.00 0.00 1.00 5

0 1 1 1 184 0 0 0 1 3 0.00 0.00 1.00 15
