0 1 1 1 54540 0 0 0 1 2 0.00 0.50 1.00 1

0 1 1 1 54540 0 0 0 2 3 0.00 0.33 1.00 2

0 1 1 1 54540 0 0 0 3 4 0.00 0.25 1.00 3

0 1 1 1 54540 0 0 0 4 4 0.00 0.00 1.00 4

0 1 1 1 54540 0 0 0 4 4 0.00 0.00 1.00 5

0 1 1 1 54540 0 0 0 5 5 0.00 0.00 1.00 6

0 1 1 5 54540 0 0 0 4 4 0.25 0.25 1.00 7

0 1 1 1 54540 0 0 0 5 5 0.20 0.20 1.00 8

0 1 1 1 54540 0 0 0 5 5 0.20 0.20 1.00 9

0 1 1 1 54540 0 0 0 6 6 0.17 0.17 1.00 10

0 1 1 1 54540 0 0 0 7 7 0.14 0.14 1.00 11

0 1 1 1 54540 0 0 0 6 6 0.17 0.17 1.00 12

0 1 1 1 54540 0 0 0 5 5 0.00 0.00 1.00 13

0 1 1 1 54540 0 0 0 6 6 0.00 0.00 1.00 14

0 1 1 1 54540 0 0 0 4 4 0.00 0.00 1.00 15

0 1 1 1 54540 0 0 0 4 4 0.00 0.00 1.00 16

0 1 1 1 54540 0 0 0 5 5 0.00 0.00 1.00 17

0 1 1 1 54540 0 0 0 4 4 0.00 0.00 1.00 18

0 1 1 5 54060 0 0 0 4 4 0.25 0.25 1.00 19

0 1 1 1 54540 0 0 0 5 5 0.20 0.20 1.00 20

0 1 1 1 54540 0 0 0 4 4 0.25 0.25 1.00 21

0 1 1 1 54540 0 0 0 4 4 0.25 0.25 1.00 22

0 1 1 1 54540 0 0 0 5 5 0.20 0.20 1.00 23

0 1 1 1 54540 0 0 0 4 4 0.00 0.00 1.00 24

0 1 1 1 54540 0 0 0 4 4 0.00 0.00 1.00 25

0 1 1 1 54540 0 0 0 5 5 0.00 0.00 1.00 26

0 1 1 1 54540 0 0 0 4 4 0.00 0.00 1.00 27

0 1 1 1 54540 0 0 0 4 4 0.00 0.00 1.00 28

0 1 1 1 54540 0 0 0 5 5 0.00 0.00 1.00 29

0 1 1 1 54540 0 0 0 4 4 0.00 0.00 1.00 30

0 1 1 1 54540 0 0 0 5 5 0.00 0.00 1.00 31

0 1 1 1 54540 0 0 0 5 5 0.00 0.00 1.00 32

0 1 1 1 54540 0 0 0 4 4 0.00 0.00 1.00 33

0 1 1 1 54540 0 0 0 3 3 0.00 0.00 1.00 34

0 1 1 1 54540 0 0 0 4 4 0.00 0.00 1.00 35

0 1 1 1 54540 0 0 0 4 4 0.00 0.00 1.00 36

0 1 1 1 54540 0 0 0 5 5 0.00 0.00 1.00 37

0 1 1 1 54540 0 0 0 5 5 0.00 0.00 1.00 38

0 1 1 1 54540 0 0 0 6 6 0.00 0.00 1.00 39

0 1 1 1 54540 0 0 0 7 7 0.00 0.00 1.00 40

0 1 1 1 54540 0 0 0 6 6 0.00 0.00 1.00 41

0 1 1 1 54540 0 0 0 5 5 0.00 0.00 1.00 42

0 1 1 1 54540 0 0 0 6 6 0.00 0.00 1.00 43

0 1 1 1 54540 0 0 0 4 4 0.00 0.00 1.00 44

0 1 1 1 54540 0 0 0 4 4 0.00 0.00 1.00 45

0 1 1 1 54540 0 0 0 5 5 0.00 0.00 1.00 46

0 1 1 1 54540 0 0 0 4 4 0.00 0.00 1.00 47

0 1 1 1 54540 0 0 0 4 4 0.00 0.00 1.00 48

0 1 1 1 54540 0 0 0 5 5 0.00 0.00 1.00 49

0 1 1 1 54540 0 0 0 4 4 0.00 0.00 1.00 50

0 2 12 1 28 1 0 0 1 1 0.00 0.00 1.00 73

0 2 12 1 28 3 0 0 2 2 0.00 0.00 1.00 74

0 2 12 1 28 3 0 0 3 3 0.00 0.00 1.00 75

0 2 12 1 28 3 0 0 4 4 0.00 0.00 1.00 76

0 2 12 1 28 3 0 0 5 5 0.00 0.00 1.00 77

0 2 12 1 28 3 0 0 6 6 0.00 0.00 1.00 78

0 2 12 1 28 3 0 0 7 7 0.00 0.00 1.00 79

0 2 12 1 28 3 0 0 8 8 0.00 0.00 1.00 80

0 2 12 1 28 3 0 0 9 9 0.00 0.00 1.00 81

0 2 12 1 28 3 0 0 10 10 0.00 0.00 1.00 82

0 2 12 1 28 3 0 0 11 11 0.00 0.00 1.00 83

0 2 12 1 28 3 0 0 12 12 0.00 0.00 1.00 84

0 2 12 1 28 3 0 0 13 13 0.00 0.00 1.00 85

0 2 12 1 28 3 0 0 14 14 0.00 0.00 1.00 86

0 2 12 1 28 3 0 0 15 15 0.00 0.00 1.00 87

0 2 12 1 28 3 0 0 16 16 0.00 0.00 1.00 88

0 2 12 1 28 3 0 0 17 17 0.00 0.00 1.00 89

0 2 12 1 28 3 0 0 18 18 0.00 0.00 1.00 90

0 2 12 1 28 3 0 0 19 19 0.00 0.00 1.00 91

0 2 12 1 28 3 0 0 20 20 0.00 0.00 1.00 92

0 2 12 1 28 3 0 0 21 21 0.00 0.00 1.00 93

0 2 12 1 28 3 0 0 22 22 0.00 0.00 1.00 94

0 2 12 1 28 3 0 0 23 23 0.00 0.00 1.00 95

0 2 12 1 28 3 0 0 24 24 0.00 0.00 1.00 96

0 2 12 1 28 3 0 0 25 25 0.00 0.00 1.00 97

0 2 12 1 28 3 0 0 26 26 0.00 0.00 1.00 98

0 2 12 1 28 3 0 0 27 27 0.00 0.00 1.00 99

0 2 12 1 28 3 0 0 28 28 0.00 0.00 1.00 100

0 2 12 1 28 3 0 0 29 29 0.00 0.00 1.00 101

0 2 12 1 28 3 0 0 30 30 0.00 0.00 1.00 102

0 2 12 1 28 3 0 0 31 31 0.00 0.00 1.00 103

0 2 12 1 28 3 0 0 32 32 0.00 0.00 1.00 104

0 2 12 1 28 3 0 0 33 33 0.00 0.00 1.00 105

0 2 12 1 28 3 0 0 34 34 0.00 0.00 1.00 106

0 2 12 1 28 3 0 0 35 35 0.00 0.00 1.00 107

0 2 12 1 28 3 0 0 36 36 0.00 0.00 1.00 108

0 2 12 1 28 3 0 0 37 37 0.00 0.00 1.00 109

0 2 12 1 28 3 0 0 38 38 0.00 0.00 1.00 110

0 2 12 1 28 3 0 0 39 39 0.00 0.00 1.00 111

0 2 12 1 28 3 0 0 40 40 0.00 0.00 1.00 112

0 2 12 1 28 3 0 0 41 41 0.00 0.00 1.00 113

0 2 12 1 28 3 0 0 42 42 0.00 0.00 1.00 114

0 2 12 1 28 3 0 0 43 43 0.00 0.00 1.00 115

0 2 12 1 28 3 0 0 44 44 0.00 0.00 1.00 116

0 2 12 1 28 3 0 0 45 45 0.00 0.00 1.00 117

0 2 12 1 28 3 0 0 46 46 0.00 0.00 1.00 118

0 2 12 1 28 3 0 0 47 47 0.00 0.00 1.00 119

0 2 12 1 28 3 0 0 48 48 0.00 0.00 1.00 120

0 2 12 1 28 3 0 0 49 49 0.00 0.00 1.00 121

0 2 12 1 28 3 0 0 50 50 0.00 0.00 1.00 122

0 3 10 1 1032 0 0 0 316 316 0.00 0.00 1.00 148

0 3 10 1 1032 0 0 0 511 511 0.00 0.00 1.00 158

0 3 10 1 1032 0 0 0 511 511 0.00 0.00 1.00 168

0 3 10 1 1032 0 0 0 510 510 0.00 0.00 1.00 178

0 3 10 1 1032 0 0 0 509 509 0.00 0.00 1.00 188

0 3 10 1 1032 0 0 0 511 511 0.00 0.00 1.00 198

0 3 10 1 1032 0 0 0 511 511 0.00 0.00 1.00 208

0 3 10 1 1032 0 0 0 509 509 0.00 0.00 1.00 218

0 3 10 1 1032 0 0 0 511 511 0.00 0.00 1.00 228

0 3 10 1 1032 0 0 0 511 511 0.00 0.00 1.00 238

0 3 10 1 1032 0 0 0 511 511 0.00 0.00 1.00 248

0 3 10 1 1032 0 0 0 511 511 0.00 0.00 1.00 255

0 3 10 1 1032 0 0 0 511 511 0.00 0.00 1.00 255

0 3 10 1 1032 0 0 0 511 511 0.00 0.00 1.00 255

0 3 10 1 1032 0 0 0 511 511 0.00 0.00 1.00 255

0 3 10 1 1032 0 0 0 511 511 0.00 0.00 1.00 255

0 3 10 1 1032 0 0 0 511 511 0.00 0.00 1.00 255

0 3 10 1 1032 0 0 0 511 511 0.00 0.00 1.00 255

0 3 10 1 1032 0 0 0 511 511 0.00 0.00 1.00 255

0 3 10 1 1032 0 0 0 511 511 0.00 0.00 1.00 255

0 3 10 1 1032 0 0 0 511 511 0.00 0.00 1.00 255

0 3 10 1 1032 0 0 0 511 511 0.00 0.00 1.00 255

0 3 10 1 1032 0 0 0 511 511 0.00 0.00 1.00 255

0 3 10 1 1032 0 0 0 511 511 0.00 0.00 1.00 255

0 3 10 1 1032 0 0 0 511 511 0.00 0.00 1.00 255

0 3 10 1 1032 0 0 0 511 511 0.00 0.00 1.00 255

0 3 10 1 1032 0 0 0 511 511 0.00 0.00 1.00 255

0 3 10 1 1032 0 0 0 511 511 0.00 0.00 1.00 255

0 3 10 1 1032 0 0 0 511 511 0.00 0.00 1.00 255

0 3 10 1 1032 0 0 0 511 511 0.00 0.00 1.00 255

0 3 10 1 1032 0 0 0 511 511 0.00 0.00 1.00 255

0 3 10 1 1032 0 0 0 511 511 0.00 0.00 1.00 255

0 3 10 1 1032 0 0 0 511 511 0.00 0.00 1.00 255

0 3 10 1 1032 0 0 0 511 511 0.00 0.00 1.00 255

0 3 10 1 1032 0 0 0 511 511 0.00 0.00 1.00 255

0 3 10 1 1032 0 0 0 511 511 0.00 0.00 1.00 255

0 3 10 1 1032 0 0 0 511 511 0.00 0.00 1.00 255

0 3 10 1 1032 0 0 0 511 511 0.00 0.00 1.00 255

0 3 10 1 1032 0 0 0 511 511 0.00 0.00 1.00 255

0 3 10 1 1032 0 0 0 511 511 0.00 0.00 1.00 255

0 3 10 1 1032 0 0 0 511 511 0.00 0.00 1.00 255

0 3 10 1 1032 0 0 0 511 511 0.00 0.00 1.00 255

0 3 10 1 1032 0 0 0 509 509 0.00 0.00 1.00 255

0 3 10 1 1032 0 0 0 511 511 0.00 0.00 1.00 255

0 3 10 1 1032 0 0 0 511 511 0.00 0.00 1.00 255

0 3 10 1 1032 0 0 0 511 511 0.00 0.00 1.00 255

0 3 10 1 1032 0 0 0 511 511 0.00 0.00 1.00 255

0 3 10 1 1032 0 0 0 511 511 0.00 0.00 1.00 255

0 3 10 1 1032 0 0 0 511 511 0.00 0.00 1.00 255

0 3 10 1 1032 0 0 0 330 330 0.00 0.00 1.00 255

0 3 10 1 1032 0 0 0 511 511 0.00 0.00 1.00 255

0 3 10 1 1032 0 0 0 511 511 0.00 0.00 1.00 255

0 3 10 1 1032 0 0 0 510 510 0.00 0.00 1.00 255

0 3 10 1 1032 0 0 0 511 511 0.00 0.00 1.00 255

0 3 10 1 1032 0 0 0 511 511 0.00 0.00 1.00 255

0 3 10 1 1032 0 0 0 511 511 0.00 0.00 1.00 255

0 3 10 1 1032 0 0 0 9 9 0.00 0.00 1.00 255

0 3 10 1 1032 0 0 0 511 511 0.00 0.00 1.00 255

0 3 10 1 1032 0 0 0 511 511 0.00 0.00 1.00 255

0 3 10 1 1032 0 0 0 511 511 0.00 0.00 1.00 255

0 3 10 1 1032 0 0 0 511 511 0.00 0.00 1.00 255

0 3 10 1 1032 0 0 0 511 511 0.00 0.00 1.00 255

0 3 10 1 1032 0 0 0 511 511 0.00 0.00 1.00 255

0 3 10 1 1032 0 0 0 334 334 0.00 0.00 1.00 255

0 3 10 1 1032 0 0 0 511 511 0.00 0.00 1.00 255

0 3 10 1 1032 0 0 0 511 511 0.00 0.00 1.00 255

0 3 10 1 1032 0 0 0 511 511 0.00 0.00 1.00 255

0 3 10 1 1032 0 0 0 511 511 0.00 0.00 1.00 255

0 3 10 1 1032 0 0 0 511 511 0.00 0.00 1.00 255

0 3 10 1 1032 0 0 0 511 511 0.00 0.00 1.00 255

0 3 10 1 1032 0 0 0 511 511 0.00 0.00 1.00 255

0 3 10 1 1032 0 0 0 511 511 0.00 0.00 1.00 255

0 3 10 1 1032 0 0 0 511 511 0.00 0.00 1.00 255

0 3 10 1 1032 0 0 0 511 511 0.00 0.00 1.00 255

0 3 10 1 1032 0 0 0 511 511 0.00 0.00 1.00 255

0 3 10 1 1032 0 0 0 511 511 0.00 0.00 1.00 255

0 3 10 1 1032 0 0 0 511 511 0.00 0.00 1.00 255

0 3 10 1 1032 0 0 0 511 511 0.00 0.00 1.00 255

0 3 10 1 1032 0 0 0 511 511 0.00 0.00 1.00 255

0 3 10 1 1032 0 0 0 511 511 0.00 0.00 1.00 255

0 3 10 1 1032 0 0 0 511 511 0.00 0.00 1.00 255

0 3 10 1 1032 0 0 0 511 511 0.00 0.00 1.00 255

0 3 10 1 1032 0 0 0 511 511 0.00 0.00 1.00 255

0 3 10 1 1032 0 0 0 511 511 0.00 0.00 1.00 255

0 3 10 1 1032 0 0 0 511 511 0.00 0.00 1.00 255

0 3 10 1 1032 0 0 0 511 511 0.00 0.00 1.00 255

0 3 10 1 1032 0 0 0 511 511 0.00 0.00 1.00 255

0 3 10 1 1032 0 0 0 511 511 0.00 0.00 1.00 255

0 3 10 1 1032 0 0 0 511 511 0.00 0.00 1.00 255

0 3 10 1 1032 0 0 0 511 511 0.00 0.00 1.00 255

0 3 10 1 1032 0 0 0 509 509 0.00 0.00 1.00 255

0 3 10 1 1032 0 0 0 511 511 0.00 0.00 1.00 255

0 3 10 1 1032 0 0 0 511 511 0.00 0.00 1.00 255

0 3 10 1 1032 0 0 0 511 511 0.00 0.00 1.00 255

0 3 10 1 1032 0 0 0 509 509 0.00 0.00 1.00 255

0 3 10 1 1032 0 0 0 511 511 0.00 0.00 1.00 255

0 3 10 1 1032 0 0 0 511 511 0.00 0.00 1.00 255

0 3 10 1 1032 0 0 0 511 511 0.00 0.00 1.00 255

0 3 10 1 1032 0 0 0 511 511 0.00 0.00 1.00 255

0 3 10 1 1032 0 0 0 511 511 0.00 0.00 1.00 255

0 3 10 1 1032 0 0 0 511 511 0.00 0.00 1.00 255

0 3 10 1 1032 0 0 0 511 511 0.00 0.00 1.00 255

0 3 10 1 1032 0 0 0 511 511 0.00 0.00 1.00 255

0 3 10 1 1032 0 0 0 511 511 0.00 0.00 1.00 255

0 3 10 1 1032 0 0 0 511 511 0.00 0.00 1.00 255

0 3 10 1 1032 0 0 0 511 511 0.00 0.00 1.00 255

0 3 10 1 1032 0 0 0 511 511 0.00 0.00 1.00 255

0 3 10 1 1032 0 0 0 511 511 0.00 0.00 1.00 255

0 3 10 1 1032 0 0 0 511 511 0.00 0.00 1.00 255

0 3 10 1 1032 0 0 0 511 511 0.00 0.00 1.00 255

0 3 10 1 1032 0 0 0 511 511 0.00 0.00 1.00 255

0 3 10 1 1032 0 0 0 511 511 0.00 0.00 1.00 255

0 3 10 1 1032 0 0 0 511 511 0.00 0.00 1.00 255

0 3 10 1 1032 0 0 0 511 511 0.00 0.00 1.00 255

0 3 10 1 1032 0 0 0 511 511 0.00 0.00 1.00 255

0 3 10 1 1032 0 0 0 511 511 0.00 0.00 1.00 255

0 3 10 1 1032 0 0 0 511 511 0.00 0.00 1.00 255

0 3 10 1 1032 0 0 0 511 511 0.00 0.00 1.00 255

0 3 10 1 1032 0 0 0 509 509 0.00 0.00 1.00 255

0 3 10 1 1032 0 0 0 511 511 0.00 0.00 1.00 255

0 3 10 1 1032 0 0 0 511 511 0.00 0.00 1.00 255

0 3 10 1 1032 0 0 0 510 510 0.00 0.00 1.00 255

0 3 10 1 1032 0 0 0 511 511 0.00 0.00 1.00 255

0 3 10 1 1032 0 0 0 511 511 0.00 0.00 1.00 255

0 3 10 1 1032 0 0 0 511 511 0.00 0.00 1.00 255

0 3 10 1 1032 0 0 0 19 19 0.00 0.00 1.00 255

0 3 10 1 1032 0 0 0 511 511 0.00 0.00 1.00 255

0 3 10 1 1032 0 0 0 511 511 0.00 0.00 1.00 255

0 3 10 1 1032 0 0 0 510 510 0.00 0.00 1.00 255

0 3 10 1 1032 0 0 0 511 511 0.00 0.00 1.00 255

0 3 10 1 1032 0 0 0 511 511 0.00 0.00 1.00 255

0 3 10 1 1032 0 0 0 511 511 0.00 0.00 1.00 255

0 3 10 1 1032 0 0 0 351 351 0.00 0.00 1.00 255

0 3 10 1 1032 0 0 0 511 511 0.00 0.00 1.00 255

0 3 10 1 1032 0 0 0 511 511 0.00 0.00 1.00 255

0 3 10 1 1032 0 0 0 511 511 0.00 0.00 1.00 255

0 3 10 1 1032 0 0 0 509 509 0.00 0.00 1.00 255

0 3 10 1 1032 0 0 0 511 511 0.00 0.00 1.00 255

0 3 10 1 1032 0 0 0 511 511 0.00 0.00 1.00 255

0 3 10 1 1032 0 0 0 511 511 0.00 0.00 1.00 255

0 3 10 1 1032 0 0 0 511 511 0.00 0.00 1.00 255

0 3 10 1 1032 0 0 0 511 511 0.00 0.00 1.00 255

0 3 10 1 1032 0 0 0 511 511 0.00 0.00 1.00 255

0 3 10 1 1032 0 0 0 511 511 0.00 0.00 1.00 255

0 3 10 1 1032 0 0 0 511 511 0.00 0.00 1.00 255

0 3 10 1 1032 0 0 0 511 511 0.00 0.00 1.00 255

0 3 10 1 1032 0 0 0 511 511 0.00 0.00 1.00 255

0 3 10 1 1032 0 0 0 511 511 0.00 0.00 1.00 255

0 3 10 1 1032 0 0 0 511 511 0.00 0.00 1.00 255

0 3 10 1 1032 0 0 0 511 511 0.00 0.00 1.00 255

0 3 10 1 1032 0 0 0 511 511 0.00 0.00 1.00 255

0 3 10 1 1032 0 0 0 511 511 0.00 0.00 1.00 255

0 3 10 1 1032 0 0 0 511 511 0.00 0.00 1.00 255

0 3 10 1 1032 0 0 0 511 511 0.00 0.00 1.00 255

0 3 10 1 1032 0 0 0 511 511 0.00 0.00 1.00 255

0 3 10 1 1032 0 0 0 510 510 0.00 0.00 1.00 255

0 3 10 1 1032 0 0 0 511 511 0.00 0.00 1.00 255

0 3 10 1 1032 0 0 0 510 510 0.00 0.00 1.00 255

0 3 10 1 1032 0 0 0 511 511 0.00 0.00 1.00 255

0 3 10 1 1032 0 0 0 511 511 0.00 0.00 1.00 255

0 3 10 1 1032 0 0 0 511 511 0.00 0.00 1.00 255

0 3 10 1 1032 0 0 0 359 359 0.00 0.00 1.00 255

0 3 10 1 1032 0 0 0 511 511 0.00 0.00 1.00 255

0 3 10 1 1032 0 0 0 511 511 0.00 0.00 1.00 255

0 3 10 1 1032 0 0 0 510 510 0.00 0.00 1.00 255

0 3 10 1 1032 0 0 0 511 511 0.00 0.00 1.00 255

0 3 10 1 1032 0 0 0 511 511 0.00 0.00 1.00 255

0 3 10 1 1032 0 0 0 511 511 0.00 0.00 1.00 255

0 3 10 1 1032 0 0 0 509 509 0.00 0.00 1.00 255

0 3 10 1 1032 0 0 0 511 511 0.00 0.00 1.00 255

0 3 10 1 1032 0 0 0 511 511 0.00 0.00 1.00 255

0 3 10 1 1032 0 0 0 511 511 0.00 0.00 1.00 255

0 3 10 1 1032 0 0 0 511 511 0.00 0.00 1.00 255

0 3 10 1 1032 0 0 0 511 511 0.00 0.00 1.00 255

0 3 10 1 1032 0 0 0 511 511 0.00 0.00 1.00 255

0 3 10 1 1032 0 0 0 509 509 0.00 0.00 1.00 255

0 3 10 1 1032 0 0 0 511 511 0.00 0.00 1.00 255

0 3 10 1 1032 0 0 0 511 511 0.00 0.00 1.00 255

0 3 10 1 1032 0 0 0 511 511 0.00 0.00 1.00 255

0 3 10 1 1032 0 0 0 509 509 0.00 0.00 1.00 255

0 3 10 1 1032 0 0 0 511 511 0.00 0.00 1.00 255

0 3 10 1 1032 0 0 0 511 511 0.00 0.00 1.00 255

0 3 10 1 1032 0 0 0 511 511 0.00 0.00 1.00 255

0 3 10 1 1032 0 0 0 511 511 0.00 0.00 1.00 255

0 3 10 1 1032 0 0 0 511 511 0.00 0.00 1.00 255

0 3 10 1 1032 0 0 0 511 511 0.00 0.00 1.00 255

0 3 10 1 1032 0 0 0 511 511 0.00 0.00 1.00 255

0 3 10 1 1032 0 0 0 511 511 0.00 0.00 1.00 255

0 3 10 1 1032 0 0 0 511 511 0.00 0.00 1.00 255

0 3 10 1 1032 0 0 0 509 509 0.00 0.00 1.00 255

0 3 10 1 1032 0 0 0 511 511 0.00 0.00 1.00 255

0 3 10 1 1032 0 0 0 511 511 0.00 0.00 1.00 255

0 3 10 1 1032 0 0 0 511 511 0.00 0.00 1.00 255

0 3 10 1 1032 0 0 0 511 511 0.00 0.00 1.00 255

0 3 10 1 1032 0 0 0 511 511 0.00 0.00 1.00 255

0 3 10 1 1032 0 0 0 511 511 0.00 0.00 1.00 255

0 3 10 1 1032 0 0 0 511 511 0.00 0.00 1.00 255

0 3 10 1 1032 0 0 0 511 511 0.00 0.00 1.00 255

0 3 10 1 1032 0 0 0 511 511 0.00 0.00 1.00 255

0 3 10 1 1032 0 0 0 511 511 0.00 0.00 1.00 255

0 3 10 1 1032 0 0 0 511 511 0.00 0.00 1.00 255

0 3 10 1 1032 0 0 0 511 511 0.00 0.00 1.00 255

0 3 10 1 1032 0 0 0 511 511 0.00 0.00 1.00 255

0 3 10 1 1032 0 0 0 511 511 0.00 0.00 1.00 255

0 3 10 1 1032 0 0 0 511 511 0.00 0.00 1.00 255

0 3 10 1 1032 0 0 0 511 511 0.00 0.00 1.00 255

0 3 10 1 1032 0 0 0 511 511 0.00 0.00 1.00 255

0 3 10 1 1032 0 0 0 510 510 0.00 0.00 1.00 255

0 3 10 1 1032 0 0 0 509 509 0.00 0.00 1.00 255

0 3 10 1 1032 0 0 0 511 511 0.00 0.00 1.00 255

0 3 10 1 1032 0 0 0 511 511 0.00 0.00 1.00 255

0 3 10 1 1032 0 0 0 511 511 0.00 0.00 1.00 255

0 3 10 1 1032 0 0 0 511 511 0.00 0.00 1.00 255

0 3 10 1 1032 0 0 0 511 511 0.00 0.00 1.00 255

0 3 10 1 1032 0 0 0 511 511 0.00 0.00 1.00 255

0 3 10 1 1032 0 0 0 511 511 0.00 0.00 1.00 255

0 3 10 1 1032 0 0 0 511 511 0.00 0.00 1.00 255

0 3 10 1 1032 0 0 0 511 511 0.00 0.00 1.00 255

0 3 10 1 1032 0 0 0 511 511 0.00 0.00 1.00 255

0 3 10 1 1032 0 0 0 511 511 0.00 0.00 1.00 255

0 3 10 1 1032 0 0 0 511 511 0.00 0.00 1.00 255

0 3 10 1 1032 0 0 0 511 511 0.00 0.00 1.00 255

0 3 10 1 1032 0 0 0 511 511 0.00 0.00 1.00 255

0 3 10 1 1032 0 0 0 511 511 0.00 0.00 1.00 255

0 3 10 1 1032 0 0 0 511 511 0.00 0.00 1.00 255

0 3 10 1 1032 0 0 0 511 511 0.00 0.00 1.00 255

0 3 10 1 1032 0 0 0 511 511 0.00 0.00 1.00 255

0 3 10 1 1032 0 0 0 511 511 0.00 0.00 1.00 255

0 3 10 1 1032 0 0 0 511 511 0.00 0.00 1.00 255

0 3 10 1 1032 0 0 0 511 511 0.00 0.00 1.00 255

0 3 10 1 1032 0 0 0 511 511 0.00 0.00 1.00 255

0 3 10 1 1032 0 0 0 511 511 0.00 0.00 1.00 255

0 3 10 1 1032 0 0 0 511 511 0.00 0.00 1.00 255

0 3 10 1 1032 0 0 0 511 511 0.00 0.00 1.00 255

0 3 10 1 1032 0 0 0 510 510 0.00 0.00 1.00 255

0 3 10 1 1032 0 0 0 511 511 0.00 0.00 1.00 255

0 3 10 1 1032 0 0 0 511 511 0.00 0.00 1.00 255

0 3 10 1 1032 0 0 0 511 511 0.00 0.00 1.00 255

0 3 10 1 1032 0 0 0 511 511 0.00 0.00 1.00 255

0 3 10 1 1032 0 0 0 511 511 0.00 0.00 1.00 255

0 3 10 1 1032 0 0 0 511 511 0.00 0.00 1.00 255

0 3 10 1 1032 0 0 0 510 510 0.00 0.00 1.00 255

0 3 10 1 1032 0 0 0 511 511 0.00 0.00 1.00 255

0 3 10 1 1032 0 0 0 511 511 0.00 0.00 1.00 255

0 3 10 1 1032 0 0 0 511 511 0.00 0.00 1.00 255

0 3 10 1 1032 0 0 0 511 511 0.00 0.00 1.00 255

0 3 10 1 1032 0 0 0 511 511 0.00 0.00 1.00 255

0 3 10 1 1032 0 0 0 511 511 0.00 0.00 1.00 255

0 3 10 1 1032 0 0 0 511 511 0.00 0.00 1.00 255

0 3 10 1 1032 0 0 0 511 511 0.00 0.00 1.00 255

0 3 10 1 1032 0 0 0 511 511 0.00 0.00 1.00 255

0 3 10 1 1032 0 0 0 511 511 0.00 0.00 1.00 255

0 3 10 1 1032 0 0 0 511 511 0.00 0.00 1.00 255

0 3 10 1 1032 0 0 0 511 511 0.00 0.00 1.00 255

0 3 10 1 1032 0 0 0 383 383 0.00 0.00 1.00 255

0 3 10 1 1032 0 0 0 511 511 0.00 0.00 1.00 255

0 3 10 1 1032 0 0 0 511 511 0.00 0.00 1.00 255

0 3 10 1 1032 0 0 0 511 511 0.00 0.00 1.00 255

0 3 10 1 1032 0 0 0 511 511 0.00 0.00 1.00 255

0 3 10 1 1032 0 0 0 511 511 0.00 0.00 1.00 255

0 3 10 1 1032 0 0 0 511 511 0.00 0.00 1.00 255

0 3 10 1 1032 0 0 0 511 511 0.00 0.00 1.00 255

0 3 10 1 1032 0 0 0 511 511 0.00 0.00 1.00 255

0 3 10 1 1032 0 0 0 511 511 0.00 0.00 1.00 255

0 3 10 1 1032 0 0 0 511 511 0.00 0.00 1.00 255

0 3 10 1 1032 0 0 0 511 511 0.00 0.00 1.00 255

0 3 10 1 1032 0 0 0 511 511 0.00 0.00 1.00 255

0 3 10 1 1032 0 0 0 511 511 0.00 0.00 1.00 255

0 3 10 1 1032 0 0 0 511 511 0.00 0.00 1.00 255

0 3 10 1 1032 0 0 0 511 511 0.00 0.00 1.00 255

0 3 10 1 1032 0 0 0 510 510 0.00 0.00 1.00 255

0 3 10 1 1032 0 0 0 509 509 0.00 0.00 1.00 255

0 3 10 1 1032 0 0 0 511 511 0.00 0.00 1.00 255

0 3 10 1 1032 0 0 0 511 511 0.00 0.00 1.00 255

0 3 10 1 1032 0 0 0 509 509 0.00 0.00 1.00 255

0 3 10 1 1032 0 0 0 511 511 0.00 0.00 1.00 255

0 3 10 1 1032 0 0 0 511 511 0.00 0.00 1.00 255

0 3 10 1 1032 0 0 0 511 511 0.00 0.00 1.00 255

0 3 10 1 1032 0 0 0 511 511 0.00 0.00 1.00 255

0 3 10 1 1032 0 0 0 511 511 0.00 0.00 1.00 255

0 3 10 1 1032 0 0 0 511 511 0.00 0.00 1.00 255

0 3 10 1 1032 0 0 0 509 509 0.00 0.00 1.00 255

0 3 10 1 1032 0 0 0 511 511 0.00 0.00 1.00 255

0 3 10 1 1032 0 0 0 511 511 0.00 0.00 1.00 255

0 3 10 1 1032 0 0 0 511 511 0.00 0.00 1.00 255

0 3 10 1 1032 0 0 0 511 511 0.00 0.00 1.00 255

0 3 10 1 1032 0 0 0 511 511 0.00 0.00 1.00 255

0 3 10 1 1032 0 0 0 511 511 0.00 0.00 1.00 255

0 3 10 1 1032 0 0 0 42 42 0.00 0.00 1.00 255

0 3 10 1 1032 0 0 0 511 511 0.00 0.00 1.00 255

0 3 10 1 1032 0 0 0 511 511 0.00 0.00 1.00 255

0 3 10 1 1032 0 0 0 511 511 0.00 0.00 1.00 255

0 3 10 1 1032 0 0 0 511 511 0.00 0.00 1.00 255

0 3 10 1 1032 0 0 0 511 511 0.00 0.00 1.00 255

0 3 10 1 1032 0 0 0 511 511 0.00 0.00 1.00 255

0 3 10 1 1032 0 0 0 509 509 0.00 0.00 1.00 255

0 3 10 1 1032 0 0 0 511 511 0.00 0.00 1.00 255

0 3 10 1 1032 0 0 0 511 511 0.00 0.00 1.00 255

0 3 10 1 1032 0 0 0 511 511 0.00 0.00 1.00 255

0 3 10 1 1032 0 0 0 511 511 0.00 0.00 1.00 255

0 3 10 1 1032 0 0 0 511 511 0.00 0.00 1.00 255

0 3 10 1 1032 0 0 0 511 511 0.00 0.00 1.00 255

0 3 10 1 1032 0 0 0 511 511 0.00 0.00 1.00 255

0 3 10 1 1032 0 0 0 511 511 0.00 0.00 1.00 255

0 3 10 1 1032 0 0 0 511 511 0.00 0.00 1.00 255

0 3 10 1 1032 0 0 0 511 511 0.00 0.00 1.00 255

0 3 10 1 1032 0 0 0 511 511 0.00 0.00 1.00 255

0 3 10 1 1032 0 0 0 511 511 0.00 0.00 1.00 255

0 3 10 1 1032 0 0 0 511 511 0.00 0.00 1.00 255

0 3 10 1 1032 0 0 0 511 511 0.00 0.00 1.00 255

0 3 10 1 1032 0 0 0 394 394 0.00 0.00 1.00 255

0 3 10 1 1032 0 0 0 511 511 0.00 0.00 1.00 255

0 3 10 1 1032 0 0 0 511 511 0.00 0.00 1.00 255

0 3 10 1 1032 0 0 0 511 511 0.00 0.00 1.00 255

0 3 10 1 1032 0 0 0 509 509 0.00 0.00 1.00 255

0 3 10 1 1032 0 0 0 511 511 0.00 0.00 1.00 255

0 3 10 1 1032 0 0 0 511 511 0.00 0.00 1.00 255

0 3 10 1 1032 0 0 0 509 509 0.00 0.00 1.00 255

0 3 10 1 1032 0 0 0 511 511 0.00 0.00 1.00 255

0 3 10 1 1032 0 0 0 511 511 0.00 0.00 1.00 255

0 3 10 1 1032 0 0 0 511 511 0.00 0.00 1.00 255

0 3 10 1 1032 0 0 0 509 509 0.00 0.00 1.00 255

0 3 10 1 1032 0 0 0 511 511 0.00 0.00 1.00 255

0 3 10 1 1032 0 0 0 511 511 0.00 0.00 1.00 255

0 3 10 1 1032 0 0 0 511 511 0.00 0.00 1.00 255

0 3 10 1 1032 0 0 0 511 511 0.00 0.00 1.00 255

0 3 10 1 1032 0 0 0 511 511 0.00 0.00 1.00 255

0 3 10 1 1032 0 0 0 511 511 0.00 0.00 1.00 255

0 3 10 1 1032 0 0 0 511 511 0.00 0.00 1.00 255

0 3 10 1 1032 0 0 0 511 511 0.00 0.00 1.00 255

0 3 10 1 1032 0 0 0 511 511 0.00 0.00 1.00 255

0 3 10 1 1032 0 0 0 511 511 0.00 0.00 1.00 255

0 3 10 1 1032 0 0 0 511 511 0.00 0.00 1.00 255

0 3 10 1 1032 0 0 0 511 511 0.00 0.00 1.00 255

0 3 10 1 1032 0 0 0 511 511 0.00 0.00 1.00 255

0 3 10 1 1032 0 0 0 511 511 0.00 0.00 1.00 255

0 3 10 1 1032 0 0 0 511 511 0.00 0.00 1.00 255

0 3 10 1 1032 0 0 0 511 511 0.00 0.00 1.00 255

0 3 10 1 1032 0 0 0 511 511 0.00 0.00 1.00 255

0 3 10 1 1032 0 0 0 511 511 0.00 0.00 1.00 255

0 3 10 1 1032 0 0 0 510 510 0.00 0.00 1.00 255

0 3 10 1 1032 0 0 0 511 511 0.00 0.00 1.00 255

0 3 10 1 1032 0 0 0 511 511 0.00 0.00 1.00 255

0 3 10 1 1032 0 0 0 511 511 0.00 0.00 1.00 255

0 3 10 1 1032 0 0 0 511 511 0.00 0.00 1.00 255

0 3 10 1 1032 0 0 0 511 511 0.00 0.00 1.00 255

0 3 10 1 1032 0 0 0 50 50 0.00 0.00 1.00 255

0 3 10 1 1032 0 0 0 511 511 0.00 0.00 1.00 255

0 3 10 1 1032 0 0 0 511 511 0.00 0.00 1.00 255

0 3 10 1 1032 0 0 0 511 511 0.00 0.00 1.00 255

0 3 10 1 1032 0 0 0 511 511 0.00 0.00 1.00 255

0 3 10 1 1032 0 0 0 511 511 0.00 0.00 1.00 255

0 3 10 1 1032 0 0 0 511 511 0.00 0.00 1.00 255

0 3 10 1 1032 0 0 0 511 511 0.00 0.00 1.00 255

0 3 10 1 1032 0 0 0 511 511 0.00 0.00 1.00 255

0 3 10 1 1032 0 0 0 511 511 0.00 0.00 1.00 255

0 3 10 1 1032 0 0 0 511 511 0.00 0.00 1.00 255

0 3 10 1 1032 0 0 0 511 511 0.00 0.00 1.00 255

0 3 10 1 1032 0 0 0 511 511 0.00 0.00 1.00 255

0 3 10 1 1032 0 0 0 511 511 0.00 0.00 1.00 255

0 3 10 1 1032 0 0 0 511 511 0.00 0.00 1.00 255

0 3 10 1 1032 0 0 0 511 511 0.00 0.00 1.00 255

0 3 10 1 1032 0 0 0 511 511 0.00 0.00 1.00 255

0 3 10 1 1032 0 0 0 511 511 0.00 0.00 1.00 255

0 3 10 1 1032 0 0 0 511 511 0.00 0.00 1.00 255

0 3 10 1 1032 0 0 0 511 511 0.00 0.00 1.00 255

0 3 10 1 1032 0 0 0 511 511 0.00 0.00 1.00 255

0 3 10 1 1032 0 0 0 511 511 0.00 0.00 1.00 255

0 3 10 1 1032 0 0 0 511 511 0.00 0.00 1.00 255

0 3 10 1 1032 0 0 0 510 510 0.00 0.00 1.00 255

0 3 10 1 1032 0 0 0 511 511 0.00 0.00 1.00 255

0 3 10 1 1032 0 0 0 511 511 0.00 0.00 1.00 255

0 3 10 1 1032 0 0 0 511 511 0.00 0.00 1.00 255

0 3 10 1 1032 0 0 0 511 511 0.00 0.00 1.00 255

0 3 10 1 1032 0 0 0 511 511 0.00 0.00 1.00 255

0 3 10 1 1032 0 0 0 511 511 0.00 0.00 1.00 255

0 3 10 1 1032 0 0 0 511 511 0.00 0.00 1.00 255

0 3 10 1 1032 0 0 0 511 511 0.00 0.00 1.00 255

0 3 10 1 1032 0 0 0 510 510 0.00 0.00 1.00 255

0 3 10 1 1032 0 0 0 511 511 0.00 0.00 1.00 255

0 3 10 1 1032 0 0 0 511 511 0.00 0.00 1.00 255

0 3 10 1 1032 0 0 0 511 511 0.00 0.00 1.00 255

0 3 10 1 1032 0 0 0 55 55 0.00 0.00 1.00 255

0 3 10 1 1032 0 0 0 511 511 0.00 0.00 1.00 255

0 3 10 1 1032 0 0 0 511 511 0.00 0.00 1.00 255

0 3 10 1 1032 0 0 0 511 511 0.00 0.00 1.00 255

0 3 10 1 1032 0 0 0 509 509 0.00 0.00 1.00 255

0 3 10 1 1032 0 0 0 511 511 0.00 0.00 1.00 255

0 3 10 1 1032 0 0 0 511 511 0.00 0.00 1.00 255

0 3 10 1 1032 0 0 0 511 511 0.00 0.00 1.00 255

0 3 10 1 1032 0 0 0 511 511 0.00 0.00 1.00 255

0 3 10 1 1032 0 0 0 511 511 0.00 0.00 1.00 255

0 3 10 1 1032 0 0 0 511 511 0.00 0.00 1.00 255

0 3 10 1 1032 0 0 0 509 509 0.00 0.00 1.00 255

0 3 10 1 1032 0 0 0 511 511 0.00 0.00 1.00 255

0 3 10 1 1032 0 0 0 511 511 0.00 0.00 1.00 255

0 3 10 1 1032 0 0 0 509 509 0.00 0.00 1.00 255

0 3 10 1 1032 0 0 0 511 511 0.00 0.00 1.00 255

0 3 10 1 1032 0 0 0 511 511 0.00 0.00 1.00 255

0 3 10 1 1032 0 0 0 511 511 0.00 0.00 1.00 255

0 3 10 1 1032 0 0 0 509 509 0.00 0.00 1.00 255

0 3 10 1 1032 0 0 0 511 511 0.00 0.00 1.00 255

0 3 10 1 1032 0 0 0 511 511 0.00 0.00 1.00 255

0 3 10 1 1032 0 0 0 509 509 0.00 0.00 1.00 255

0 3 10 1 1032 0 0 0 511 511 0.00 0.00 1.00 255

0 3 10 1 1032 0 0 0 511 511 0.00 0.00 1.00 255

0 3 10 1 1032 0 0 0 511 511 0.00 0.00 1.00 255

0 3 10 1 1032 0 0 0 511 511 0.00 0.00 1.00 255

0 3 10 1 1032 0 0 0 511 511 0.00 0.00 1.00 255

0 3 10 1 1032 0 0 0 511 511 0.00 0.00 1.00 255

0 3 10 1 1032 0 0 0 511 511 0.00 0.00 1.00 255

0 3 10 1 1032 0 0 0 511 511 0.00 0.00 1.00 255

0 3 10 1 1032 0 0 0 511 511 0.00 0.00 1.00 255

0 3 10 1 1032 0 0 0 511 511 0.00 0.00 1.00 255

0 3 10 1 1032 0 0 0 511 511 0.00 0.00 1.00 255

0 3 10 1 1032 0 0 0 511 511 0.00 0.00 1.00 255

0 3 10 1 1032 0 0 0 511 511 0.00 0.00 1.00 255

0 3 10 1 1032 0 0 0 511 511 0.00 0.00 1.00 255

0 3 10 1 1032 0 0 0 511 511 0.00 0.00 1.00 255

0 3 10 1 1032 0 0 0 511 511 0.00 0.00 1.00 255

0 3 10 1 1032 0 0 0 511 511 0.00 0.00 1.00 255

0 3 10 1 1032 0 0 0 510 510 0.00 0.00 1.00 255

0 3 10 1 1032 0 0 0 511 511 0.00 0.00 1.00 255

0 3 10 1 1032 0 0 0 511 511 0.00 0.00 1.00 255

0 3 10 1 1032 0 0 0 511 511 0.00 0.00 1.00 255

0 3 10 1 1032 0 0 0 61 61 0.00 0.00 1.00 255

0 3 10 1 1032 0 0 0 511 511 0.00 0.00 1.00 255

0 3 10 1 1032 0 0 0 511 511 0.00 0.00 1.00 255

0 3 10 1 1032 0 0 0 511 511 0.00 0.00 1.00 255

0 3 10 1 1032 0 0 0 509 509 0.00 0.00 1.00 255

0 3 10 1 1032 0 0 0 511 511 0.00 0.00 1.00 255

0 3 10 1 1032 0 0 0 511 511 0.00 0.00 1.00 255

0 3 10 1 1032 0 0 0 509 509 0.00 0.00 1.00 255

0 3 10 1 1032 0 0 0 511 511 0.00 0.00 1.00 255

0 3 10 1 1032 0 0 0 511 511 0.00 0.00 1.00 255

0 3 10 1 1032 0 0 0 511 511 0.00 0.00 1.00 255

0 3 10 1 1032 0 0 0 509 509 0.00 0.00 1.00 255

0 3 10 1 1032 0 0 0 511 511 0.00 0.00 1.00 255

0 3 10 1 1032 0 0 0 511 511 0.00 0.00 1.00 255

0 3 10 1 1032 0 0 0 421 421 0.00 0.00 1.00 255

0 3 10 1 1032 0 0 0 511 511 0.00 0.00 1.00 255

0 3 10 1 1032 0 0 0 511 511 0.00 0.00 1.00 255

0 3 10 1 1032 0 0 0 511 511 0.00 0.00 1.00 255

0 3 10 1 1032 0 0 0 509 509 0.00 0.00 1.00 255

0 3 10 1 1032 0 0 0 511 511 0.00 0.00 1.00 255

0 3 10 1 1032 0 0 0 511 511 0.00 0.00 1.00 255

0 3 10 1 1032 0 0 0 424 424 0.00 0.00 1.00 255

0 3 10 1 1032 0 0 0 511 511 0.00 0.00 1.00 255

0 3 10 1 1032 0 0 0 511 511 0.00 0.00 1.00 255

0 3 10 1 1032 0 0 0 511 511 0.00 0.00 1.00 255

0 3 10 1 1032 0 0 0 509 509 0.00 0.00 1.00 255

0 3 10 1 1032 0 0 0 511 511 0.00 0.00 1.00 255

0 3 10 1 1032 0 0 0 511 511 0.00 0.00 1.00 255

0 3 10 1 1032 0 0 0 511 511 0.00 0.00 1.00 255

0 3 10 1 1032 0 0 0 511 511 0.00 0.00 1.00 255

0 3 10 1 1032 0 0 0 511 511 0.00 0.00 1.00 255

0 3 10 1 1032 0 0 0 511 511 0.00 0.00 1.00 255

0 3 10 1 1032 0 0 0 511 511 0.00 0.00 1.00 255

0 3 10 1 1032 0 0 0 511 511 0.00 0.00 1.00 255

0 3 10 1 1032 0 0 0 511 511 0.00 0.00 1.00 255

0 3 10 1 1032 0 0 0 428 428 0.00 0.00 1.00 255

0 3 10 1 1032 0 0 0 511 511 0.00 0.00 1.00 255

0 3 10 1 1032 0 0 0 511 511 0.00 0.00 1.00 255

0 3 10 1 1032 0 0 0 510 510 0.00 0.00 1.00 255

0 3 10 1 1032 0 0 0 511 511 0.00 0.00 1.00 255

0 3 10 1 1032 0 0 0 511 511 0.00 0.00 1.00 255

0 3 10 1 1032 0 0 0 511 511 0.00 0.00 1.00 255

0 3 10 1 1032 0 0 0 67 67 0.00 0.00 1.00 255

0 3 10 1 1032 0 0 0 511 511 0.00 0.00 1.00 255

0 3 10 1 1032 0 0 0 511 511 0.00 0.00 1.00 255

0 3 10 1 1032 0 0 0 511 511 0.00 0.00 1.00 255

0 3 10 1 1032 0 0 0 511 511 0.00 0.00 1.00 255

0 3 10 1 1032 0 0 0 511 511 0.00 0.00 1.00 255

0 3 10 1 1032 0 0 0 511 511 0.00 0.00 1.00 255

0 3 10 1 1032 0 0 0 511 511 0.00 0.00 1.00 255

0 3 10 1 1032 0 0 0 511 511 0.00 0.00 1.00 255

0 3 10 1 1032 0 0 0 511 511 0.00 0.00 1.00 255

0 3 10 1 1032 0 0 0 511 511 0.00 0.00 1.00 255

0 3 10 1 1032 0 0 0 511 511 0.00 0.00 1.00 255

0 3 10 1 1032 0 0 0 511 511 0.00 0.00 1.00 255

0 3 10 1 1032 0 0 0 511 511 0.00 0.00 1.00 255

0 3 10 1 1032 0 0 0 511 511 0.00 0.00 1.00 255

0 3 10 1 1032 0 0 0 511 511 0.00 0.00 1.00 255

0 3 10 1 1032 0 0 0 510 510 0.00 0.00 1.00 255

0 3 10 1 1032 0 0 0 511 511 0.00 0.00 1.00 255

0 3 10 1 1032 0 0 0 511 511 0.00 0.00 1.00 255

0 3 10 1 1032 0 0 0 511 511 0.00 0.00 1.00 255

0 3 10 1 1032 0 0 0 511 511 0.00 0.00 1.00 255

0 3 10 1 1032 0 0 0 511 511 0.00 0.00 1.00 255

0 3 10 1 1032 0 0 0 511 511 0.00 0.00 1.00 255

0 3 10 1 1032 0 0 0 511 511 0.00 0.00 1.00 255

0 3 10 1 1032 0 0 0 511 511 0.00 0.00 1.00 255

0 3 10 1 1032 0 0 0 511 511 0.00 0.00 1.00 255

0 3 10 1 1032 0 0 0 511 511 0.00 0.00 1.00 255

0 3 10 1 1032 0 0 0 511 511 0.00 0.00 1.00 255

0 3 10 1 1032 0 0 0 511 511 0.00 0.00 1.00 255

0 3 10 1 1032 0 0 0 511 511 0.00 0.00 1.00 255

0 3 10 1 1032 0 0 0 511 511 0.00 0.00 1.00 255

0 3 10 1 1032 0 0 0 511 511 0.00 0.00 1.00 255

0 3 10 1 1032 0 0 0 511 511 0.00 0.00 1.00 255

0 3 10 1 1032 0 0 0 511 511 0.00 0.00 1.00 255

0 3 10 1 1032 0 0 0 511 511 0.00 0.00 1.00 255

0 3 10 1 1032 0 0 0 511 511 0.00 0.00 1.00 255

0 3 10 1 1032 0 0 0 511 511 0.00 0.00 1.00 255

0 3 10 1 1032 0 0 0 511 511 0.00 0.00 1.00 255

0 3 10 1 1032 0 0 0 511 511 0.00 0.00 1.00 255

0 3 10 1 1032 0 0 0 509 509 0.00 0.00 1.00 255

0 3 10 1 1032 0 0 0 511 511 0.00 0.00 1.00 255

0 3 10 1 1032 0 0 0 511 511 0.00 0.00 1.00 255

0 3 10 1 1032 0 0 0 511 511 0.00 0.00 1.00 255

0 3 10 1 1032 0 0 0 511 511 0.00 0.00 1.00 255

0 3 10 1 1032 0 0 0 511 511 0.00 0.00 1.00 255

0 3 10 1 1032 0 0 0 511 511 0.00 0.00 1.00 255

0 3 10 1 1032 0 0 0 511 511 0.00 0.00 1.00 255

0 3 10 1 1032 0 0 0 511 511 0.00 0.00 1.00 255

0 3 10 1 1032 0 0 0 511 511 0.00 0.00 1.00 255

0 3 10 1 1032 0 0 0 511 511 0.00 0.00 1.00 255

0 3 10 1 1032 0 0 0 511 511 0.00 0.00 1.00 255

0 3 10 1 1032 0 0 0 510 510 0.00 0.00 1.00 255

0 3 10 1 1032 0 0 0 511 511 0.00 0.00 1.00 255

0 3 10 1 1032 0 0 0 511 511 0.00 0.00 1.00 255

0 3 10 1 1032 0 0 0 511 511 0.00 0.00 1.00 255

0 3 10 1 1032 0 0 0 511 511 0.00 0.00 1.00 255

0 3 10 1 1032 0 0 0 511 511 0.00 0.00 1.00 255

0 3 10 1 1032 0 0 0 444 444 0.00 0.00 1.00 255

0 3 10 1 1032 0 0 0 510 510 0.00 0.00 1.00 255

0 3 10 1 1032 0 0 0 511 511 0.00 0.00 1.00 255

0 3 10 1 1032 0 0 0 511 511 0.00 0.00 1.00 255

0 3 10 1 1032 0 0 0 511 511 0.00 0.00 1.00 255

0 3 10 1 1032 0 0 0 511 511 0.00 0.00 1.00 255

0 3 10 1 1032 0 0 0 511 511 0.00 0.00 1.00 255

0 3 10 1 1032 0 0 0 511 511 0.00 0.00 1.00 255

0 3 10 1 1032 0 0 0 510 510 0.00 0.00 1.00 255

0 3 10 1 1032 0 0 0 511 511 0.00 0.00 1.00 255

0 3 10 1 1032 0 0 0 510 510 0.00 0.00 1.00 255

0 3 10 1 1032 0 0 0 511 511 0.00 0.00 1.00 255

0 3 10 1 1032 0 0 0 511 511 0.00 0.00 1.00 255

0 3 10 1 1032 0 0 0 511 511 0.00 0.00 1.00 255

0 3 10 1 1032 0 0 0 509 509 0.00 0.00 1.00 255

0 3 10 1 1032 0 0 0 511 511 0.00 0.00 1.00 255

0 3 10 1 1032 0 0 0 511 511 0.00 0.00 1.00 255

0 3 10 1 1032 0 0 0 511 511 0.00 0.00 1.00 255

0 3 10 1 1032 0 0 0 511 511 0.00 0.00 1.00 255

0 3 10 1 1032 0 0 0 511 511 0.00 0.00 1.00 255

0 3 10 1 1032 0 0 0 511 511 0.00 0.00 1.00 255

0 3 10 1 1032 0 0 0 511 511 0.00 0.00 1.00 255

0 3 10 1 1032 0 0 0 511 511 0.00 0.00 1.00 255

0 3 10 1 1032 0 0 0 511 511 0.00 0.00 1.00 255

0 3 10 1 1032 0 0 0 511 511 0.00 0.00 1.00 255

0 3 10 1 1032 0 0 0 511 511 0.00 0.00 1.00 255

0 3 10 1 1032 0 0 0 511 511 0.00 0.00 1.00 255

0 3 10 1 1032 0 0 0 511 511 0.00 0.00 1.00 255

0 3 10 1 1032 0 0 0 511 511 0.00 0.00 1.00 255

0 3 10 1 1032 0 0 0 511 511 0.00 0.00 1.00 255

0 3 10 1 1032 0 0 0 511 511 0.00 0.00 1.00 255

0 3 10 1 1032 0 0 0 511 511 0.00 0.00 1.00 255

0 3 10 1 1032 0 0 0 511 511 0.00 0.00 1.00 255

0 3 10 1 1032 0 0 0 511 511 0.00 0.00 1.00 255

0 3 10 1 1032 0 0 0 511 511 0.00 0.00 1.00 255

0 3 10 1 1032 0 0 0 511 511 0.00 0.00 1.00 255

0 3 10 1 1032 0 0 0 511 511 0.00 0.00 1.00 255

0 3 10 1 1032 0 0 0 511 511 0.00 0.00 1.00 255

0 3 10 1 1032 0 0 0 511 511 0.00 0.00 1.00 255

0 3 10 1 1032 0 0 0 511 511 0.00 0.00 1.00 255

0 3 10 1 1032 0 0 0 511 511 0.00 0.00 1.00 255

0 3 10 1 1032 0 0 0 511 511 0.00 0.00 1.00 255

0 3 10 1 1032 0 0 0 511 511 0.00 0.00 1.00 255

0 3 10 1 1032 0 0 0 510 510 0.00 0.00 1.00 255

0 3 10 1 1032 0 0 0 511 511 0.00 0.00 1.00 255

0 3 10 1 1032 0 0 0 511 511 0.00 0.00 1.00 255

0 3 10 1 1032 0 0 0 511 511 0.00 0.00 1.00 255

0 3 10 1 1032 0 0 0 511 511 0.00 0.00 1.00 255

0 3 10 1 1032 0 0 0 511 511 0.00 0.00 1.00 255

0 3 10 1 1032 0 0 0 511 511 0.00 0.00 1.00 255

0 3 10 1 1032 0 0 0 511 511 0.00 0.00 1.00 255

0 3 10 1 1032 0 0 0 511 511 0.00 0.00 1.00 255

0 3 10 1 1032 0 0 0 511 511 0.00 0.00 1.00 255

0 3 10 1 1032 0 0 0 511 511 0.00 0.00 1.00 255

0 3 10 1 1032 0 0 0 511 511 0.00 0.00 1.00 255

0 3 10 1 1032 0 0 0 511 511 0.00 0.00 1.00 255

0 3 10 1 1032 0 0 0 511 511 0.00 0.00 1.00 255

0 3 10 1 1032 0 0 0 511 511 0.00 0.00 1.00 255

0 3 10 1 1032 0 0 0 511 511 0.00 0.00 1.00 255

0 3 10 1 1032 0 0 0 511 511 0.00 0.00 1.00 255

0 3 10 1 1032 0 0 0 511 511 0.00 0.00 1.00 255

0 3 10 1 1032 0 0 0 511 511 0.00 0.00 1.00 255

0 3 10 1 1032 0 0 0 511 511 0.00 0.00 1.00 255

0 3 10 1 1032 0 0 0 511 511 0.00 0.00 1.00 255

0 3 10 1 1032 0 0 0 511 511 0.00 0.00 1.00 255

0 3 10 1 1032 0 0 0 511 511 0.00 0.00 1.00 255

0 3 10 1 1032 0 0 0 511 511 0.00 0.00 1.00 255

0 3 10 1 1032 0 0 0 511 511 0.00 0.00 1.00 255

0 3 10 1 1032 0 0 0 511 511 0.00 0.00 1.00 255

0 3 10 1 1032 0 0 0 511 511 0.00 0.00 1.00 255

0 3 10 1 1032 0 0 0 511 511 0.00 0.00 1.00 255

0 3 10 1 1032 0 0 0 511 511 0.00 0.00 1.00 255

0 3 10 1 1032 0 0 0 511 511 0.00 0.00 1.00 255

0 3 10 1 1032 0 0 0 511 511 0.00 0.00 1.00 255

0 3 10 1 1032 0 0 0 511 511 0.00 0.00 1.00 255

0 3 10 1 1032 0 0 0 511 511 0.00 0.00 1.00 255

0 3 10 1 1032 0 0 0 511 511 0.00 0.00 1.00 255

0 3 10 1 1032 0 0 0 511 511 0.00 0.00 1.00 255

0 3 10 1 1032 0 0 0 511 511 0.00 0.00 1.00 255

0 3 10 1 1032 0 0 0 511 511 0.00 0.00 1.00 255

0 3 10 1 1032 0 0 0 511 511 0.00 0.00 1.00 255

0 3 10 1 1032 0 0 0 511 511 0.00 0.00 1.00 255

0 3 10 1 1032 0 0 0 511 511 0.00 0.00 1.00 255

0 3 10 1 1032 0 0 0 511 511 0.00 0.00 1.00 255

0 3 10 1 1032 0 0 0 461 461 0.00 0.00 1.00 255

0 3 10 1 1032 0 0 0 510 510 0.00 0.00 1.00 255

0 3 10 1 1032 0 0 0 511 511 0.00 0.00 1.00 255

0 3 10 1 1032 0 0 0 511 511 0.00 0.00 1.00 255

0 3 10 1 1032 0 0 0 511 511 0.00 0.00 1.00 255

0 3 10 1 1032 0 0 0 511 511 0.00 0.00 1.00 255

0 3 10 1 1032 0 0 0 511 511 0.00 0.00 1.00 255

0 3 10 1 1032 0 0 0 462 462 0.00 0.00 1.00 255

0 3 10 1 1032 0 0 0 511 511 0.00 0.00 1.00 255

0 3 10 1 1032 0 0 0 511 511 0.00 0.00 1.00 255

0 3 10 1 1032 0 0 0 511 511 0.00 0.00 1.00 255

0 3 10 1 1032 0 0 0 511 511 0.00 0.00 1.00 255

0 3 10 1 1032 0 0 0 511 511 0.00 0.00 1.00 255

0 3 10 1 1032 0 0 0 511 511 0.00 0.00 1.00 255

0 3 10 1 1032 0 0 0 511 511 0.00 0.00 1.00 255

0 3 10 1 1032 0 0 0 511 511 0.00 0.00 1.00 255

0 3 10 1 1032 0 0 0 511 511 0.00 0.00 1.00 255

0 3 10 1 1032 0 0 0 511 511 0.00 0.00 1.00 255

0 3 10 1 1032 0 0 0 511 511 0.00 0.00 1.00 255

0 3 10 1 1032 0 0 0 511 511 0.00 0.00 1.00 255

0 3 10 1 1032 0 0 0 511 511 0.00 0.00 1.00 255

0 3 10 1 1032 0 0 0 465 465 0.00 0.00 1.00 255

0 3 10 1 1032 0 0 0 511 511 0.00 0.00 1.00 255

0 3 10 1 1032 0 0 0 511 511 0.00 0.00 1.00 255

0 3 10 1 1032 0 0 0 511 511 0.00 0.00 1.00 255

0 3 10 1 1032 0 0 0 509 509 0.00 0.00 1.00 255

0 3 10 1 1032 0 0 0 511 511 0.00 0.00 1.00 255

0 3 10 1 1032 0 0 0 511 511 0.00 0.00 1.00 255

0 3 10 1 1032 0 0 0 509 509 0.00 0.00 1.00 255

0 3 10 1 1032 0 0 0 511 511 0.00 0.00 1.00 255

0 3 10 1 1032 0 0 0 511 511 0.00 0.00 1.00 255

0 3 10 1 1032 0 0 0 511 511 0.00 0.00 1.00 255

0 3 10 1 1032 0 0 0 511 511 0.00 0.00 1.00 255

0 3 10 1 1032 0 0 0 511 511 0.00 0.00 1.00 255

0 3 10 1 1032 0 0 0 511 511 0.00 0.00 1.00 255

0 3 10 1 1032 0 0 0 511 511 0.00 0.00 1.00 255

0 3 10 1 1032 0 0 0 470 470 0.00 0.00 1.00 255

0 3 10 1 1032 0 0 0 511 511 0.00 0.00 1.00 255

0 3 10 1 1032 0 0 0 511 511 0.00 0.00 1.00 255

0 3 10 1 1032 0 0 0 510 510 0.00 0.00 1.00 255

0 3 10 1 1032 0 0 0 511 511 0.00 0.00 1.00 255

0 3 10 1 1032 0 0 0 511 511 0.00 0.00 1.00 255

0 3 10 1 1032 0 0 0 511 511 0.00 0.00 1.00 255

0 3 10 1 1032 0 0 0 471 471 0.00 0.00 1.00 255

0 3 10 1 1032 0 0 0 511 511 0.00 0.00 1.00 255

0 3 10 1 1032 0 0 0 511 511 0.00 0.00 1.00 255

0 3 10 1 1032 0 0 0 511 511 0.00 0.00 1.00 255

0 3 10 1 1032 0 0 0 509 509 0.00 0.00 1.00 255

0 3 10 1 1032 0 0 0 511 511 0.00 0.00 1.00 255

0 3 10 1 1032 0 0 0 511 511 0.00 0.00 1.00 255

0 3 10 1 1032 0 0 0 511 511 0.00 0.00 1.00 255

0 3 10 1 1032 0 0 0 511 511 0.00 0.00 1.00 255

0 3 10 1 1032 0 0 0 511 511 0.00 0.00 1.00 255

0 3 10 1 1032 0 0 0 511 511 0.00 0.00 1.00 255

0 3 10 1 1032 0 0 0 509 509 0.00 0.00 1.00 255

0 3 10 1 1032 0 0 0 511 511 0.00 0.00 1.00 255

0 3 10 1 1032 0 0 0 511 511 0.00 0.00 1.00 255

0 3 10 1 1032 0 0 0 95 95 0.00 0.00 1.00 255

0 3 10 1 1032 0 0 0 511 511 0.00 0.00 1.00 255

0 3 10 1 1032 0 0 0 511 511 0.00 0.00 1.00 255

0 3 10 1 1032 0 0 0 511 511 0.00 0.00 1.00 255

0 3 10 1 1032 0 0 0 509 509 0.00 0.00 1.00 255

0 3 10 1 1032 0 0 0 511 511 0.00 0.00 1.00 255

0 3 10 1 1032 0 0 0 511 511 0.00 0.00 1.00 255

0 3 10 1 1032 0 0 0 96 96 0.00 0.00 1.00 255

0 3 10 1 1032 0 0 0 511 511 0.00 0.00 1.00 255

0 3 10 1 1032 0 0 0 511 511 0.00 0.00 1.00 255

0 3 10 1 1032 0 0 0 511 511 0.00 0.00 1.00 255

0 3 10 1 1032 0 0 0 509 509 0.00 0.00 1.00 255

0 3 10 1 1032 0 0 0 511 511 0.00 0.00 1.00 255

0 3 10 1 1032 0 0 0 511 511 0.00 0.00 1.00 255

0 3 10 1 1032 0 0 0 511 511 0.00 0.00 1.00 255

0 3 10 1 1032 0 0 0 511 511 0.00 0.00 1.00 255

0 3 10 1 1032 0 0 0 511 511 0.00 0.00 1.00 255

0 3 10 1 1032 0 0 0 511 511 0.00 0.00 1.00 255

0 3 10 1 1032 0 0 0 511 511 0.00 0.00 1.00 255

0 3 10 1 1032 0 0 0 511 511 0.00 0.00 1.00 255

0 3 10 1 1032 0 0 0 511 511 0.00 0.00 1.00 255

0 3 10 1 1032 0 0 0 511 511 0.00 0.00 1.00 255

0 3 10 1 1032 0 0 0 511 511 0.00 0.00 1.00 255

0 3 10 1 1032 0 0 0 511 511 0.00 0.00 1.00 255

0 3 10 1 1032 0 0 0 511 511 0.00 0.00 1.00 255

0 3 10 1 1032 0 0 0 511 511 0.00 0.00 1.00 255

0 3 10 1 1032 0 0 0 511 511 0.00 0.00 1.00 255

0 3 10 1 1032 0 0 0 511 511 0.00 0.00 1.00 255

0 3 10 1 1032 0 0 0 509 509 0.00 0.00 1.00 255

0 3 10 1 1032 0 0 0 511 511 0.00 0.00 1.00 255

0 3 10 1 1032 0 0 0 511 511 0.00 0.00 1.00 255

0 3 10 1 1032 0 0 0 511 511 0.00 0.00 1.00 255

0 3 10 1 1032 0 0 0 509 509 0.00 0.00 1.00 255

0 3 10 1 1032 0 0 0 511 511 0.00 0.00 1.00 255

0 3 10 1 1032 0 0 0 511 511 0.00 0.00 1.00 255

0 3 10 1 1032 0 0 0 100 100 0.00 0.00 1.00 255

0 3 10 1 1032 0 0 0 511 511 0.00 0.00 1.00 255

0 3 10 1 1032 0 0 0 511 511 0.00 0.00 1.00 255

0 3 10 1 1032 0 0 0 511 511 0.00 0.00 1.00 255

0 3 10 1 1032 0 0 0 511 511 0.00 0.00 1.00 255

0 3 10 1 1032 0 0 0 511 511 0.00 0.00 1.00 255

0 3 10 1 1032 0 0 0 511 511 0.00 0.00 1.00 255

0 3 10 1 1032 0 0 0 509 509 0.00 0.00 1.00 255

0 3 10 1 1032 0 0 0 511 511 0.00 0.00 1.00 255

0 3 10 1 1032 0 0 0 511 511 0.00 0.00 1.00 255

0 3 10 1 1032 0 0 0 511 511 0.00 0.00 1.00 255

0 3 10 1 1032 0 0 0 511 511 0.00 0.00 1.00 255

0 3 10 1 1032 0 0 0 511 511 0.00 0.00 1.00 255

0 3 10 1 1032 0 0 0 511 511 0.00 0.00 1.00 255

0 3 10 1 1032 0 0 0 511 511 0.00 0.00 1.00 255

0 3 10 1 1032 0 0 0 511 511 0.00 0.00 1.00 255

0 3 10 1 1032 0 0 0 511 511 0.00 0.00 1.00 255

0 3 10 1 1032 0 0 0 511 511 0.00 0.00 1.00 255

0 3 10 1 1032 0 0 0 511 511 0.00 0.00 1.00 255

0 3 10 1 1032 0 0 0 511 511 0.00 0.00 1.00 255

0 3 10 1 1032 0 0 0 511 511 0.00 0.00 1.00 255

0 3 10 1 1032 0 0 0 511 511 0.00 0.00 1.00 255

0 3 10 1 1032 0 0 0 489 489 0.00 0.00 1.00 255

0 3 10 1 1032 0 0 0 510 510 0.00 0.00 1.00 255

0 3 10 1 1032 0 0 0 511 511 0.00 0.00 1.00 255

0 3 10 1 1032 0 0 0 511 511 0.00 0.00 1.00 255

0 3 10 1 1032 0 0 0 511 511 0.00 0.00 1.00 255

0 3 10 1 1032 0 0 0 511 511 0.00 0.00 1.00 255

0 3 10 1 1032 0 0 0 511 511 0.00 0.00 1.00 255

0 3 10 1 1032 0 0 0 511 511 0.00 0.00 1.00 255

0 3 10 1 1032 0 0 0 511 511 0.00 0.00 1.00 255

0 3 10 1 1032 0 0 0 511 511 0.00 0.00 1.00 255

0 3 10 1 1032 0 0 0 511 511 0.00 0.00 1.00 255

0 3 10 1 1032 0 0 0 511 511 0.00 0.00 1.00 255

0 3 10 1 1032 0 0 0 511 511 0.00 0.00 1.00 255

0 3 10 1 1032 0 0 0 511 511 0.00 0.00 1.00 255

0 3 10 1 1032 0 0 0 491 491 0.00 0.00 1.00 255

0 3 10 1 1032 0 0 0 510 510 0.00 0.00 1.00 255

0 3 10 1 1032 0 0 0 511 511 0.00 0.00 1.00 255

0 3 10 1 1032 0 0 0 511 511 0.00 0.00 1.00 255

0 3 10 1 1032 0 0 0 511 511 0.00 0.00 1.00 255

0 3 10 1 1032 0 0 0 511 511 0.00 0.00 1.00 255

0 3 10 1 1032 0 0 0 511 511 0.00 0.00 1.00 255

0 3 10 1 1032 0 0 0 511 511 0.00 0.00 1.00 255

0 3 10 1 1032 0 0 0 511 511 0.00 0.00 1.00 255

0 3 10 1 1032 0 0 0 511 511 0.00 0.00 1.00 255

0 3 10 1 1032 0 0 0 511 511 0.00 0.00 1.00 255

0 3 10 1 1032 0 0 0 511 511 0.00 0.00 1.00 255

0 3 10 1 1032 0 0 0 511 511 0.00 0.00 1.00 255

0 3 10 1 1032 0 0 0 511 511 0.00 0.00 1.00 255

0 3 10 1 1032 0 0 0 511 511 0.00 0.00 1.00 255

0 3 10 1 1032 0 0 0 511 511 0.00 0.00 1.00 255

0 3 10 1 1032 0 0 0 511 511 0.00 0.00 1.00 255

0 3 10 1 1032 0 0 0 510 510 0.00 0.00 1.00 255

0 3 10 1 1032 0 0 0 511 511 0.00 0.00 1.00 255

0 3 10 1 1032 0 0 0 511 511 0.00 0.00 1.00 255

0 3 10 1 1032 0 0 0 511 511 0.00 0.00 1.00 255

0 3 10 1 1032 0 0 0 497 497 0.00 0.00 1.00 255

0 3 10 1 1032 0 0 0 510 510 0.00 0.00 1.00 255

0 3 10 1 1032 0 0 0 511 511 0.00 0.00 1.00 255

0 3 10 1 1032 0 0 0 510 510 0.00 0.00 1.00 255

0 3 10 1 1032 0 0 0 511 511 0.00 0.00 1.00 255

0 3 10 1 1032 0 0 0 511 511 0.00 0.00 1.00 255

0 3 10 1 1032 0 0 0 511 511 0.00 0.00 1.00 255

0 3 10 1 1032 0 0 0 498 498 0.00 0.00 1.00 255

0 3 10 1 1032 0 0 0 510 510 0.00 0.00 1.00 255

0 3 10 1 1032 0 0 0 511 511 0.00 0.00 1.00 255

0 3 10 1 1032 0 0 0 511 511 0.00 0.00 1.00 255

0 3 10 1 1032 0 0 0 511 511 0.00 0.00 1.00 255

0 3 10 1 1032 0 0 0 511 511 0.00 0.00 1.00 255

0 3 10 1 1032 0 0 0 511 511 0.00 0.00 1.00 255

0 3 10 1 1032 0 0 0 511 511 0.00 0.00 1.00 255

0 3 10 1 1032 0 0 0 510 510 0.00 0.00 1.00 255

0 3 10 1 1032 0 0 0 511 511 0.00 0.00 1.00 255

0 3 10 1 1032 0 0 0 510 510 0.00 0.00 1.00 255

0 3 10 1 1032 0 0 0 511 511 0.00 0.00 1.00 255

0 3 10 1 1032 0 0 0 511 511 0.00 0.00 1.00 255

0 3 10 1 1032 0 0 0 511 511 0.00 0.00 1.00 255

0 3 10 1 1032 0 0 0 511 511 0.00 0.00 1.00 255

0 3 10 1 1032 0 0 0 510 510 0.00 0.00 1.00 255

0 3 10 1 1032 0 0 0 511 511 0.00 0.00 1.00 255

0 3 10 1 1032 0 0 0 511 511 0.00 0.00 1.00 255

0 3 10 1 1032 0 0 0 511 511 0.00 0.00 1.00 255

0 3 10 1 1032 0 0 0 511 511 0.00 0.00 1.00 255

0 3 10 1 1032 0 0 0 511 511 0.00 0.00 1.00 255

0 3 10 1 1032 0 0 0 511 511 0.00 0.00 1.00 255

0 3 10 1 1032 0 0 0 510 510 0.00 0.00 1.00 255

0 3 10 1 1032 0 0 0 511 511 0.00 0.00 1.00 255

0 3 10 1 1032 0 0 0 510 510 0.00 0.00 1.00 255

0 3 10 1 1032 0 0 0 511 511 0.00 0.00 1.00 255

0 3 10 1 1032 0 0 0 511 511 0.00 0.00 1.00 255

0 3 10 1 1032 0 0 0 511 511 0.00 0.00 1.00 255

0 3 10 1 1032 0 0 0 511 511 0.00 0.00 1.00 255

0 3 10 1 1032 0 0 0 510 510 0.00 0.00 1.00 255

0 3 10 1 1032 0 0 0 511 511 0.00 0.00 1.00 255

0 3 10 1 1032 0 0 0 511 511 0.00 0.00 1.00 255

0 3 10 1 1032 0 0 0 511 511 0.00 0.00 1.00 255

0 3 10 1 1032 0 0 0 511 511 0.00 0.00 1.00 255

0 3 10 1 1032 0 0 0 511 511 0.00 0.00 1.00 255

0 3 10 1 1032 0 0 0 511 511 0.00 0.00 1.00 255
