0,icmp,eco_i,SF,8,0,0,0,0,0,0,0,0,0,0,0,0,0,0,0,0,0,1,1,0.00,0.00,0.00,0.00,1.00,0.00,0.00,4,2,0.50,0.75,0.50,0.00,0.00,0.00,0.00,0.00,nmap.
0,tcp,private,SH,0,0,0,0,0,0,0,0,0,0,0,0,0,0,0,0,0,0,2,1,1.00,1.00,0.00,0.00,0.50,1.00,0.00,14,1,0.07,0.71,0.50,0.00,0.50,1.00,0.00,0.00,nmap.
0,tcp,private,SH,0,0,0,0,0,0,0,0,0,0,0,0,0,0,0,0,0,0,1,1,1.00,1.00,0.00,0.00,1.00,0.00,0.00,24,1,0.04,0.75,0.67,0.00,0.67,1.00,0.00,0.00,nmap.
0,tcp,telnet,SH,0,0,0,0,0,0,0,0,0,0,0,0,0,0,0,0,0,0,1,1,1.00,1.00,0.00,0.00,1.00,0.00,0.00,34,1,0.03,0.74,0.76,0.00,0.76,1.00,0.00,0.00,nmap.
0,tcp,private,SH,0,0,0,0,0,0,0,0,0,0,0,0,0,0,0,0,0,0,1,1,1.00,1.00,0.00,0.00,1.00,0.00,0.00,44,1,0.02,0.77,0.82,0.00,0.82,1.00,0.00,0.00,nmap.
0,tcp,private,SH,0,0,0,0,0,0,0,0,0,0,0,0,0,0,0,0,0,0,1,1,1.00,1.00,0.00,0.00,1.00,0.00,0.00,54,1,0.02,0.81,0.85,0.00,0.85,1.00,0.00,0.00,nmap.
0,tcp,private,SH,0,0,0,0,0,0,0,0,0,0,0,0,0,0,0,0,0,0,1,1,1.00,1.00,0.00,0.00,1.00,0.00,0.00,64,1,0.02,0.84,0.88,0.00,0.88,1.00,0.00,0.00,nmap.
0,tcp,private,SH,0,0,0,0,0,0,0,0,0,0,0,0,0,0,0,0,0,0,1,1,1.00,1.00,0.00,0.00,1.00,0.00,0.00,74,1,0.01,0.86,0.89,0.00,0.89,1.00,0.00,0.00,nmap.
0,tcp,private,SH,0,0,0,0,0,0,0,0,0,0,0,0,0,0,0,0,0,0,1,1,1.00,1.00,0.00,0.00,1.00,0.00,0.00,84,1,0.01,0.88,0.90,0.00,0.90,1.00,0.00,0.00,nmap.
0,tcp,private,SH,0,0,0,0,0,0,0,0,0,0,0,0,0,0,0,0,0,0,1,1,1.00,1.00,0.00,0.00,1.00,0.00,0.00,94,1,0.01,0.89,0.91,0.00,0.91,1.00,0.00,0.00,nmap.
0,tcp,private,SH,0,0,0,0,0,0,0,0,0,0,0,0,0,0,0,0,0,0,1,1,1.00,1.00,0.00,0.00,1.00,0.00,0.00,104,1,0.01,0.90,0.92,0.00,0.92,1.00,0.00,0.00,nmap.
0,tcp,private,SH,0,0,0,0,0,0,0,0,0,0,0,0,0,0,0,0,0,0,1,1,1.00,1.00,0.00,0.00,1.00,0.00,0.00,114,1,0.01,0.91,0.93,0.00,0.93,1.00,0.00,0.00,nmap.
0,tcp,private,SH,0,0,0,0,0,0,0,0,0,0,0,0,0,0,0,0,0,0,1,1,1.00,1.00,0.00,0.00,1.00,0.00,0.00,124,1,0.01,0.92,0.94,0.00,0.94,1.00,0.00,0.00,nmap.
0,tcp,private,SH,0,0,0,0,0,0,0,0,0,0,0,0,0,0,0,0,0,0,1,1,1.00,1.00,0.00,0.00,1.00,0.00,0.00,134,1,0.01,0.93,0.94,0.00,0.94,1.00,0.00,0.00,nmap.
0,tcp,private,SH,0,0,0,0,0,0,0,0,0,0,0,0,0,0,0,0,0,0,1,1,1.00,1.00,0.00,0.00,1.00,0.00,0.00,144,1,0.01,0.93,0.94,0.00,0.94,1.00,0.00,0.00,nmap.
0,tcp,private,SH,0,0,0,0,0,0,0,0,0,0,0,0,0,0,0,0,0,0,1,1,1.00,1.00,0.00,0.00,1.00,0.00,0.00,154,1,0.01,0.94,0.95,0.00,0.95,1.00,0.00,0.00,nmap.
0,tcp,private,SH,0,0,0,0,0,0,0,0,0,0,0,0,0,0,0,0,0,0,1,1,1.00,1.00,0.00,0.00,1.00,0.00,0.00,164,1,0.01,0.94,0.95,0.00,0.95,1.00,0.00,0.00,nmap.
0,tcp,ctf,SH,0,0,0,0,0,0,0,0,0,0,0,0,0,0,0,0,0,0,1,1,1.00,1.00,0.00,0.00,1.00,0.00,0.00,174,1,0.01,0.94,0.95,0.00,0.95,1.00,0.00,0.00,nmap.
0,tcp,private,SH,0,0,0,0,0,0,0,0,0,0,0,0,0,0,0,0,0,0,1,1,1.00,1.00,0.00,0.00,1.00,0.00,0.00,184,1,0.01,0.95,0.96,0.00,0.96,1.00,0.00,0.00,nmap.
0,tcp,private,SH,0,0,0,0,0,0,0,0,0,0,0,0,0,0,0,0,0,0,1,1,1.00,1.00,0.00,0.00,1.00,0.00,0.00,194,1,0.01,0.95,0.96,0.00,0.96,1.00,0.00,0.00,nmap.
0,tcp,private,SH,0,0,0,0,0,0,0,0,0,0,0,0,0,0,0,0,0,0,1,1,1.00,1.00,0.00,0.00,1.00,0.00,0.00,204,1,0.00,0.95,0.96,0.00,0.96,1.00,0.00,0.00,nmap.
0,tcp,private,SH,0,0,0,0,0,0,0,0,0,0,0,0,0,0,0,0,0,0,1,1,1.00,1.00,0.00,0.00,1.00,0.00,0.00,214,1,0.00,0.95,0.96,0.00,0.96,1.00,0.00,0.00,nmap.
0,tcp,private,SH,0,0,0,0,0,0,0,0,0,0,0,0,0,0,0,0,0,0,1,1,1.00,1.00,0.00,0.00,1.00,0.00,0.00,224,1,0.00,0.96,0.96,0.00,0.96,1.00,0.00,0.00,nmap.
0,tcp,private,SH,0,0,0,0,0,0,0,0,0,0,0,0,0,0,0,0,0,0,1,1,1.00,1.00,0.00,0.00,1.00,0.00,0.00,234,1,0.00,0.96,0.97,0.00,0.97,1.00,0.00,0.00,nmap.
0,tcp,private,SH,0,0,0,0,0,0,0,0,0,0,0,0,0,0,0,0,0,0,1,1,1.00,1.00,0.00,0.00,1.00,0.00,0.00,244,1,0.00,0.95,0.97,0.00,0.97,1.00,0.00,0.00,nmap.
0,tcp,private,SH,0,0,0,0,0,0,0,0,0,0,0,0,0,0,0,0,0,0,1,1,1.00,1.00,0.00,0.00,1.00,0.00,0.00,254,1,0.00,0.96,0.97,0.00,0.97,1.00,0.00,0.00,nmap.
0,tcp,private,SH,0,0,0,0,0,0,0,0,0,0,0,0,0,0,0,0,0,0,1,1,1.00,1.00,0.00,0.00,1.00,0.00,0.00,255,1,0.00,0.98,1.00,0.00,1.00,1.00,0.00,0.00,nmap.
0,tcp,private,SH,0,0,0,0,0,0,0,0,0,0,0,0,0,0,0,0,0,0,1,1,1.00,1.00,0.00,0.00,1.00,0.00,0.00,255,1,0.00,0.99,1.00,0.00,1.00,1.00,0.00,0.00,nmap.
0,tcp,private,SH,0,0,0,0,0,0,0,0,0,0,0,0,0,0,0,0,0,0,1,1,1.00,1.00,0.00,0.00,1.00,0.00,0.00,255,1,0.00,1.00,1.00,0.00,1.00,1.00,0.00,0.00,nmap.
0,tcp,private,SH,0,0,0,0,0,0,0,0,0,0,0,0,0,0,0,0,0,0,1,1,1.00,1.00,0.00,0.00,1.00,0.00,0.00,255,1,0.00,1.00,1.00,0.00,1.00,1.00,0.00,0.00,nmap.
0,tcp,private,SH,0,0,0,0,0,0,0,0,0,0,0,0,0,0,0,0,0,0,1,1,1.00,1.00,0.00,0.00,1.00,0.00,0.00,255,1,0.00,1.00,1.00,0.00,1.00,1.00,0.00,0.00,nmap.
0,tcp,private,SH,0,0,0,0,0,0,0,0,0,0,0,0,0,0,0,0,0,0,1,1,1.00,1.00,0.00,0.00,1.00,0.00,0.00,255,1,0.00,1.00,1.00,0.00,1.00,1.00,0.00,0.00,nmap.
0,tcp,private,SH,0,0,0,0,0,0,0,0,0,0,0,0,0,0,0,0,0,0,1,1,1.00,1.00,0.00,0.00,1.00,0.00,0.00,255,1,0.00,1.00,1.00,0.00,1.00,1.00,0.00,0.00,nmap.
0,tcp,private,SH,0,0,0,0,0,0,0,0,0,0,0,0,0,0,0,0,0,0,1,1,1.00,1.00,0.00,0.00,1.00,0.00,0.00,255,1,0.00,1.00,1.00,0.00,1.00,1.00,0.00,0.00,nmap.
0,tcp,private,SH,0,0,0,0,0,0,0,0,0,0,0,0,0,0,0,0,0,0,1,1,1.00,1.00,0.00,0.00,1.00,0.00,0.00,255,1,0.00,1.00,1.00,0.00,1.00,1.00,0.00,0.00,nmap.
0,tcp,private,SH,0,0,0,0,0,0,0,0,0,0,0,0,0,0,0,0,0,0,1,1,1.00,1.00,0.00,0.00,1.00,0.00,0.00,255,1,0.00,1.00,1.00,0.00,1.00,1.00,0.00,0.00,nmap.
0,tcp,private,SH,0,0,0,0,0,0,0,0,0,0,0,0,0,0,0,0,0,0,1,1,1.00,1.00,0.00,0.00,1.00,0.00,0.00,255,1,0.00,1.00,1.00,0.00,1.00,1.00,0.00,0.00,nmap.
0,tcp,private,SH,0,0,0,0,0,0,0,0,0,0,0,0,0,0,0,0,0,0,1,1,1.00,1.00,0.00,0.00,1.00,0.00,0.00,255,1,0.00,1.00,1.00,0.00,1.00,1.00,0.00,0.00,nmap.
0,tcp,private,SH,0,0,0,0,0,0,0,0,0,0,0,0,0,0,0,0,0,0,1,1,1.00,1.00,0.00,0.00,1.00,0.00,0.00,255,1,0.00,1.00,1.00,0.00,1.00,1.00,0.00,0.00,nmap.
0,tcp,private,SH,0,0,0,0,0,0,0,0,0,0,0,0,0,0,0,0,0,0,1,1,1.00,1.00,0.00,0.00,1.00,0.00,0.00,255,1,0.00,1.00,1.00,0.00,1.00,1.00,0.00,0.00,nmap.
0,tcp,private,SH,0,0,0,0,0,0,0,0,0,0,0,0,0,0,0,0,0,0,1,1,1.00,1.00,0.00,0.00,1.00,0.00,0.00,255,1,0.00,1.00,1.00,0.00,1.00,1.00,0.00,0.00,nmap.
0,tcp,private,SH,0,0,0,0,0,0,0,0,0,0,0,0,0,0,0,0,0,0,1,1,1.00,1.00,0.00,0.00,1.00,0.00,0.00,255,1,0.00,1.00,1.00,0.00,1.00,1.00,0.00,0.00,nmap.
0,tcp,private,SH,0,0,0,0,0,0,0,0,0,0,0,0,0,0,0,0,0,0,1,1,1.00,1.00,0.00,0.00,1.00,0.00,0.00,255,1,0.00,1.00,1.00,0.00,1.00,1.00,0.00,0.00,nmap.
0,tcp,private,SH,0,0,0,0,0,0,0,0,0,0,0,0,0,0,0,0,0,0,1,1,1.00,1.00,0.00,0.00,1.00,0.00,0.00,255,1,0.00,1.00,1.00,0.00,1.00,1.00,0.00,0.00,nmap.
0,tcp,private,SH,0,0,0,0,0,0,0,0,0,0,0,0,0,0,0,0,0,0,1,1,1.00,1.00,0.00,0.00,1.00,0.00,0.00,255,1,0.00,1.00,1.00,0.00,1.00,1.00,0.00,0.00,nmap.
0,tcp,private,SH,0,0,0,0,0,0,0,0,0,0,0,0,0,0,0,0,0,0,1,1,1.00,1.00,0.00,0.00,1.00,0.00,0.00,255,1,0.00,1.00,1.00,0.00,1.00,1.00,0.00,0.00,nmap.
0,tcp,private,SH,0,0,0,0,0,0,0,0,0,0,0,0,0,0,0,0,0,0,1,1,1.00,1.00,0.00,0.00,1.00,0.00,0.00,255,1,0.00,1.00,1.00,0.00,1.00,1.00,0.00,0.00,nmap.
0,tcp,private,SH,0,0,0,0,0,0,0,0,0,0,0,0,0,0,0,0,0,0,1,1,1.00,1.00,0.00,0.00,1.00,0.00,0.00,255,1,0.00,1.00,1.00,0.00,1.00,1.00,0.00,0.00,nmap.
0,tcp,private,SH,0,0,0,0,0,0,0,0,0,0,0,0,0,0,0,0,0,0,1,1,1.00,1.00,0.00,0.00,1.00,0.00,0.00,255,1,0.00,1.00,1.00,0.00,1.00,1.00,0.00,0.00,nmap.
0,tcp,private,SH,0,0,0,0,0,0,0,0,0,0,0,0,0,0,0,0,0,0,1,1,1.00,1.00,0.00,0.00,1.00,0.00,0.00,255,1,0.00,1.00,1.00,0.00,1.00,1.00,0.00,0.00,nmap.
0,tcp,private,SH,0,0,0,0,0,0,0,0,0,0,0,0,0,0,0,0,0,0,1,1,1.00,1.00,0.00,0.00,1.00,0.00,0.00,255,1,0.00,1.00,1.00,0.00,1.00,1.00,0.00,0.00,nmap.
0,tcp,private,SH,0,0,0,0,0,0,0,0,0,0,0,0,0,0,0,0,0,0,1,1,1.00,1.00,0.00,0.00,1.00,0.00,0.00,255,1,0.00,1.00,1.00,0.00,1.00,1.00,0.00,0.00,nmap.
0,tcp,private,SH,0,0,0,0,0,0,0,0,0,0,0,0,0,0,0,0,0,0,1,1,1.00,1.00,0.00,0.00,1.00,0.00,0.00,255,1,0.00,1.00,1.00,0.00,1.00,1.00,0.00,0.00,nmap.
0,tcp,private,SH,0,0,0,0,0,0,0,0,0,0,0,0,0,0,0,0,0,0,1,1,1.00,1.00,0.00,0.00,1.00,0.00,0.00,255,1,0.00,1.00,1.00,0.00,1.00,1.00,0.00,0.00,nmap.
0,tcp,private,SH,0,0,0,0,0,0,0,0,0,0,0,0,0,0,0,0,0,0,1,1,1.00,1.00,0.00,0.00,1.00,0.00,0.00,255,1,0.00,1.00,1.00,0.00,1.00,1.00,0.00,0.00,nmap.
0,tcp,private,SH,0,0,0,0,0,0,0,0,0,0,0,0,0,0,0,0,0,0,1,1,1.00,1.00,0.00,0.00,1.00,0.00,0.00,255,1,0.00,1.00,1.00,0.00,1.00,1.00,0.00,0.00,nmap.
0,tcp,private,SH,0,0,0,0,0,0,0,0,0,0,0,0,0,0,0,0,0,0,1,1,1.00,1.00,0.00,0.00,1.00,0.00,0.00,255,1,0.00,1.00,1.00,0.00,1.00,1.00,0.00,0.00,nmap.
0,tcp,private,SH,0,0,0,0,0,0,0,0,0,0,0,0,0,0,0,0,0,0,1,1,1.00,1.00,0.00,0.00,1.00,0.00,0.00,255,1,0.00,1.00,1.00,0.00,1.00,1.00,0.00,0.00,nmap.
0,tcp,private,SH,0,0,0,0,0,0,0,0,0,0,0,0,0,0,0,0,0,0,1,1,1.00,1.00,0.00,0.00,1.00,0.00,0.00,255,1,0.00,1.00,1.00,0.00,1.00,1.00,0.00,0.00,nmap.
0,tcp,private,SH,0,0,0,0,0,0,0,0,0,0,0,0,0,0,0,0,0,0,1,1,1.00,1.00,0.00,0.00,1.00,0.00,0.00,255,1,0.00,1.00,1.00,0.00,1.00,1.00,0.00,0.00,nmap.
0,tcp,private,SH,0,0,0,0,0,0,0,0,0,0,0,0,0,0,0,0,0,0,1,1,1.00,1.00,0.00,0.00,1.00,0.00,0.00,255,1,0.00,1.00,1.00,0.00,1.00,1.00,0.00,0.00,nmap.
0,tcp,private,SH,0,0,0,0,0,0,0,0,0,0,0,0,0,0,0,0,0,0,1,1,1.00,1.00,0.00,0.00,1.00,0.00,0.00,255,1,0.00,1.00,1.00,0.00,1.00,1.00,0.00,0.00,nmap.
0,tcp,private,SH,0,0,0,0,0,0,0,0,0,0,0,0,0,0,0,0,0,0,1,1,1.00,1.00,0.00,0.00,1.00,0.00,0.00,255,1,0.00,1.00,1.00,0.00,1.00,1.00,0.00,0.00,nmap.
0,tcp,private,SH,0,0,0,0,0,0,0,0,0,0,0,0,0,0,0,0,0,0,1,1,1.00,1.00,0.00,0.00,1.00,0.00,0.00,255,1,0.00,1.00,1.00,0.00,1.00,1.00,0.00,0.00,nmap.
0,tcp,private,SH,0,0,0,0,0,0,0,0,0,0,0,0,0,0,0,0,0,0,1,1,1.00,1.00,0.00,0.00,1.00,0.00,0.00,255,1,0.00,1.00,1.00,0.00,1.00,1.00,0.00,0.00,nmap.
0,tcp,pop_3,SH,0,0,0,0,0,0,0,0,0,0,0,0,0,0,0,0,0,0,1,1,1.00,1.00,0.00,0.00,1.00,0.00,0.00,255,1,0.00,1.00,1.00,0.00,1.00,1.00,0.00,0.00,nmap.
0,tcp,private,SH,0,0,0,0,0,0,0,0,0,0,0,0,0,0,0,0,0,0,1,1,1.00,1.00,0.00,0.00,1.00,0.00,0.00,255,1,0.00,1.00,1.00,0.00,1.00,1.00,0.00,0.00,nmap.
0,tcp,private,SH,0,0,0,0,0,0,0,0,0,0,0,0,0,0,0,0,0,0,1,1,1.00,1.00,0.00,0.00,1.00,0.00,0.00,255,1,0.00,1.00,1.00,0.00,1.00,1.00,0.00,0.00,nmap.
0,tcp,private,SH,0,0,0,0,0,0,0,0,0,0,0,0,0,0,0,0,0,0,1,1,1.00,1.00,0.00,0.00,1.00,0.00,0.00,255,1,0.00,1.00,1.00,0.00,1.00,1.00,0.00,0.00,nmap.
0,tcp,private,SH,0,0,0,0,0,0,0,0,0,0,0,0,0,0,0,0,0,0,1,1,1.00,1.00,0.00,0.00,1.00,0.00,0.00,255,1,0.00,1.00,1.00,0.00,1.00,1.00,0.00,0.00,nmap.
0,tcp,private,SH,0,0,0,0,0,0,0,0,0,0,0,0,0,0,0,0,0,0,1,1,1.00,1.00,0.00,0.00,1.00,0.00,0.00,255,1,0.00,1.00,1.00,0.00,1.00,1.00,0.00,0.00,nmap.
0,tcp,private,SH,0,0,0,0,0,0,0,0,0,0,0,0,0,0,0,0,0,0,1,1,1.00,1.00,0.00,0.00,1.00,0.00,0.00,255,1,0.00,1.00,1.00,0.00,1.00,1.00,0.00,0.00,nmap.
0,tcp,private,SH,0,0,0,0,0,0,0,0,0,0,0,0,0,0,0,0,0,0,1,1,1.00,1.00,0.00,0.00,1.00,0.00,0.00,255,1,0.00,1.00,1.00,0.00,1.00,1.00,0.00,0.00,nmap.
0,tcp,private,SH,0,0,0,0,0,0,0,0,0,0,0,0,0,0,0,0,0,0,1,1,1.00,1.00,0.00,0.00,1.00,0.00,0.00,255,1,0.00,1.00,1.00,0.00,1.00,1.00,0.00,0.00,nmap.
0,tcp,private,SH,0,0,0,0,0,0,0,0,0,0,0,0,0,0,0,0,0,0,1,1,1.00,1.00,0.00,0.00,1.00,0.00,0.00,255,1,0.00,1.00,1.00,0.00,1.00,1.00,0.00,0.00,nmap.
0,tcp,private,SH,0,0,0,0,0,0,0,0,0,0,0,0,0,0,0,0,0,0,1,1,1.00,1.00,0.00,0.00,1.00,0.00,0.00,255,1,0.00,1.00,1.00,0.00,1.00,1.00,0.00,0.00,nmap.
0,tcp,private,SH,0,0,0,0,0,0,0,0,0,0,0,0,0,0,0,0,0,0,1,1,1.00,1.00,0.00,0.00,1.00,0.00,0.00,255,1,0.00,1.00,1.00,0.00,1.00,1.00,0.00,0.00,nmap.
0,tcp,private,SH,0,0,0,0,0,0,0,0,0,0,0,0,0,0,0,0,0,0,1,1,1.00,1.00,0.00,0.00,1.00,0.00,0.00,255,1,0.00,1.00,1.00,0.00,1.00,1.00,0.00,0.00,nmap.
0,tcp,private,SH,0,0,0,0,0,0,0,0,0,0,0,0,0,0,0,0,0,0,1,1,1.00,1.00,0.00,0.00,1.00,0.00,0.00,255,1,0.00,1.00,1.00,0.00,1.00,1.00,0.00,0.00,nmap.
0,tcp,private,SH,0,0,0,0,0,0,0,0,0,0,0,0,0,0,0,0,0,0,1,1,1.00,1.00,0.00,0.00,1.00,0.00,0.00,255,1,0.00,1.00,1.00,0.00,1.00,1.00,0.00,0.00,nmap.
0,tcp,private,SH,0,0,0,0,0,0,0,0,0,0,0,0,0,0,0,0,0,0,1,1,1.00,1.00,0.00,0.00,1.00,0.00,0.00,255,1,0.00,1.00,1.00,0.00,1.00,1.00,0.00,0.00,nmap.
0,tcp,private,SH,0,0,0,0,0,0,0,0,0,0,0,0,0,0,0,0,0,0,1,1,1.00,1.00,0.00,0.00,1.00,0.00,0.00,255,1,0.00,1.00,1.00,0.00,1.00,1.00,0.00,0.00,nmap.
0,tcp,private,SH,0,0,0,0,0,0,0,0,0,0,0,0,0,0,0,0,0,0,1,1,1.00,1.00,0.00,0.00,1.00,0.00,0.00,255,1,0.00,1.00,1.00,0.00,1.00,1.00,0.00,0.00,nmap.
0,tcp,private,SH,0,0,0,0,0,0,0,0,0,0,0,0,0,0,0,0,0,0,1,1,1.00,1.00,0.00,0.00,1.00,0.00,0.00,255,1,0.00,1.00,1.00,0.00,1.00,1.00,0.00,0.00,nmap.
0,tcp,private,SH,0,0,0,0,0,0,0,0,0,0,0,0,0,0,0,0,0,0,1,1,1.00,1.00,0.00,0.00,1.00,0.00,0.00,255,1,0.00,1.00,1.00,0.00,1.00,1.00,0.00,0.00,nmap.
0,tcp,private,SH,0,0,0,0,0,0,0,0,0,0,0,0,0,0,0,0,0,0,1,1,1.00,1.00,0.00,0.00,1.00,0.00,0.00,255,1,0.00,1.00,1.00,0.00,1.00,1.00,0.00,0.00,nmap.
0,tcp,private,SH,0,0,0,0,0,0,0,0,0,0,0,0,0,0,0,0,0,0,1,1,1.00,1.00,0.00,0.00,1.00,0.00,0.00,255,1,0.00,1.00,1.00,0.00,1.00,1.00,0.00,0.00,nmap.
0,tcp,private,SH,0,0,0,0,0,0,0,0,0,0,0,0,0,0,0,0,0,0,1,1,1.00,1.00,0.00,0.00,1.00,0.00,0.00,255,1,0.00,1.00,1.00,0.00,1.00,1.00,0.00,0.00,nmap.
0,tcp,private,SH,0,0,0,0,0,0,0,0,0,0,0,0,0,0,0,0,0,0,1,1,1.00,1.00,0.00,0.00,1.00,0.00,0.00,255,1,0.00,1.00,1.00,0.00,1.00,1.00,0.00,0.00,nmap.
0,tcp,private,SH,0,0,0,0,0,0,0,0,0,0,0,0,0,0,0,0,0,0,1,1,1.00,1.00,0.00,0.00,1.00,0.00,0.00,255,1,0.00,1.00,1.00,0.00,1.00,1.00,0.00,0.00,nmap.
0,tcp,private,SH,0,0,0,0,0,0,0,0,0,0,0,0,0,0,0,0,0,0,1,1,1.00,1.00,0.00,0.00,1.00,0.00,0.00,255,1,0.00,1.00,1.00,0.00,1.00,1.00,0.00,0.00,nmap.
0,tcp,private,SH,0,0,0,0,0,0,0,0,0,0,0,0,0,0,0,0,0,0,1,1,1.00,1.00,0.00,0.00,1.00,0.00,0.00,255,1,0.00,1.00,1.00,0.00,1.00,1.00,0.00,0.00,nmap.
0,tcp,private,SH,0,0,0,0,0,0,0,0,0,0,0,0,0,0,0,0,0,0,1,1,1.00,1.00,0.00,0.00,1.00,0.00,0.00,255,1,0.00,1.00,1.00,0.00,1.00,1.00,0.00,0.00,nmap.
0,tcp,private,SH,0,0,0,0,0,0,0,0,0,0,0,0,0,0,0,0,0,0,1,1,1.00,1.00,0.00,0.00,1.00,0.00,0.00,255,1,0.00,1.00,1.00,0.00,1.00,1.00,0.00,0.00,nmap.
0,tcp,private,SH,0,0,0,0,0,0,0,0,0,0,0,0,0,0,0,0,0,0,1,1,1.00,1.00,0.00,0.00,1.00,0.00,0.00,255,1,0.00,1.00,1.00,0.00,1.00,1.00,0.00,0.00,nmap.
0,tcp,private,SH,0,0,0,0,0,0,0,0,0,0,0,0,0,0,0,0,0,0,1,1,1.00,1.00,0.00,0.00,1.00,0.00,0.00,255,1,0.00,1.00,1.00,0.00,1.00,1.00,0.00,0.00,nmap.
0,tcp,private,SH,0,0,0,0,0,0,0,0,0,0,0,0,0,0,0,0,0,0,1,1,1.00,1.00,0.00,0.00,1.00,0.00,0.00,255,1,0.00,1.00,1.00,0.00,1.00,1.00,0.00,0.00,nmap.
0,tcp,nntp,SH,0,0,0,0,0,0,0,0,0,0,0,0,0,0,0,0,0,0,1,1,1.00,1.00,0.00,0.00,1.00,0.00,0.00,255,1,0.00,1.00,1.00,0.00,1.00,1.00,0.00,0.00,nmap.
0,tcp,private,SH,0,0,0,0,0,0,0,0,0,0,0,0,0,0,0,0,0,0,1,1,1.00,1.00,0.00,0.00,1.00,0.00,0.00,255,1,0.00,1.00,1.00,0.00,1.00,1.00,0.00,0.00,nmap.
0,tcp,private,SH,0,0,0,0,0,0,0,0,0,0,0,0,0,0,0,0,0,0,1,1,1.00,1.00,0.00,0.00,1.00,0.00,0.00,255,1,0.00,1.00,1.00,0.00,1.00,1.00,0.00,0.00,nmap.
0,tcp,private,SH,0,0,0,0,0,0,0,0,0,0,0,0,0,0,0,0,0,0,1,1,1.00,1.00,0.00,0.00,1.00,0.00,0.00,255,1,0.00,1.00,1.00,0.00,1.00,1.00,0.00,0.00,nmap.
0,tcp,private,SH,0,0,0,0,0,0,0,0,0,0,0,0,0,0,0,0,0,0,1,1,1.00,1.00,0.00,0.00,1.00,0.00,0.00,255,1,0.00,1.00,1.00,0.00,1.00,1.00,0.00,0.00,nmap.
0,tcp,private,SH,0,0,0,0,0,0,0,0,0,0,0,0,0,0,0,0,0,0,1,1,1.00,1.00,0.00,0.00,1.00,0.00,0.00,255,1,0.00,1.00,1.00,0.00,1.00,1.00,0.00,0.00,nmap.
0,tcp,private,SH,0,0,0,0,0,0,0,0,0,0,0,0,0,0,0,0,0,0,1,1,1.00,1.00,0.00,0.00,1.00,0.00,0.00,255,1,0.00,1.00,1.00,0.00,1.00,1.00,0.00,0.00,nmap.
0,icmp,ecr_i,SF,8,0,0,0,0,0,0,0,0,0,0,0,0,0,0,0,0,0,1,1,0.00,0.00,0.00,0.00,1.00,0.00,0.00,5,5,1.00,0.00,1.00,0.00,0.00,0.00,0.00,0.00,nmap.
0,udp,private,SF,207,0,0,0,0,0,0,0,0,0,0,0,0,0,0,0,0,0,2,2,0.00,0.00,0.00,0.00,1.00,0.00,0.00,2,2,1.00,0.00,1.00,0.00,0.00,0.00,0.00,0.00,nmap.
0,udp,private,SF,207,0,0,0,0,0,0,0,0,0,0,0,0,0,0,0,0,0,2,2,0.00,0.00,0.00,0.00,1.00,0.00,0.00,12,12,1.00,0.00,1.00,0.00,0.00,0.00,0.00,0.00,nmap.
0,udp,private,SF,207,0,0,0,0,0,0,0,0,0,0,0,0,0,0,0,0,0,2,2,0.00,0.00,0.00,0.00,1.00,0.00,0.00,22,22,1.00,0.00,1.00,0.00,0.00,0.00,0.00,0.00,nmap.
0,udp,private,SF,100,0,0,0,0,0,0,0,0,0,0,0,0,0,0,0,0,0,2,2,0.00,0.00,0.00,0.00,1.00,0.00,0.00,32,2,0.06,0.06,0.06,0.00,0.00,0.00,0.00,0.00,nmap.
0,udp,private,SF,207,0,0,0,0,0,0,0,0,0,0,0,0,0,0,0,0,0,2,2,0.00,0.00,0.00,0.00,1.00,0.00,0.00,42,34,0.81,0.05,0.81,0.00,0.00,0.00,0.00,0.00,nmap.
0,udp,private,SF,207,0,0,0,0,0,0,0,0,0,0,0,0,0,0,0,0,0,2,2,0.00,0.00,0.00,0.00,1.00,0.00,0.00,52,44,0.85,0.04,0.85,0.00,0.00,0.00,0.00,0.00,nmap.
0,udp,private,SF,207,0,0,0,0,0,0,0,0,0,0,0,0,0,0,0,0,0,2,2,0.00,0.00,0.00,0.00,1.00,0.00,0.00,62,54,0.87,0.03,0.87,0.00,0.00,0.00,0.00,0.00,nmap.
0,udp,private,SF,207,0,0,0,0,0,0,0,0,0,0,0,0,0,0,0,0,0,2,2,0.00,0.00,0.00,0.00,1.00,0.00,0.00,72,64,0.89,0.03,0.89,0.00,0.00,0.00,0.00,0.00,nmap.
0,udp,private,SF,100,0,0,0,0,0,0,0,0,0,0,0,0,0,0,0,0,0,3,3,0.00,0.00,0.00,0.00,1.00,0.00,0.00,82,12,0.15,0.02,0.15,0.00,0.00,0.00,0.00,0.00,nmap.
0,udp,private,SF,207,0,0,0,0,0,0,0,0,0,0,0,0,0,0,0,0,0,2,2,0.00,0.00,0.00,0.00,1.00,0.00,0.00,92,76,0.83,0.02,0.83,0.00,0.00,0.00,0.00,0.00,nmap.
0,udp,private,SF,207,0,0,0,0,0,0,0,0,0,0,0,0,0,0,0,0,0,2,2,0.00,0.00,0.00,0.00,1.00,0.00,0.00,102,86,0.84,0.02,0.84,0.00,0.00,0.00,0.00,0.00,nmap.
0,udp,private,SF,207,0,0,0,0,0,0,0,0,0,0,0,0,0,0,0,0,0,2,2,0.00,0.00,0.00,0.00,1.00,0.00,0.00,112,96,0.86,0.02,0.86,0.00,0.00,0.00,0.00,0.00,nmap.
0,udp,private,SF,207,0,0,0,0,0,0,0,0,0,0,0,0,0,0,0,0,0,2,2,0.00,0.00,0.00,0.00,1.00,0.00,0.00,122,106,0.87,0.02,0.87,0.00,0.00,0.00,0.00,0.00,nmap.
0,udp,private,SF,100,0,0,0,0,0,0,0,0,0,0,0,0,0,0,0,0,0,2,2,0.00,0.00,0.00,0.00,1.00,0.00,0.00,132,22,0.17,0.02,0.17,0.00,0.00,0.00,0.00,0.00,nmap.
0,udp,private,SF,207,0,0,0,0,0,0,0,0,0,0,0,0,0,0,0,0,0,2,2,0.00,0.00,0.00,0.00,1.00,0.00,0.00,142,118,0.83,0.01,0.83,0.00,0.00,0.00,0.00,0.00,nmap.
0,udp,private,SF,207,0,0,0,0,0,0,0,0,0,0,0,0,0,0,0,0,0,2,2,0.00,0.00,0.00,0.00,1.00,0.00,0.00,152,128,0.84,0.01,0.84,0.00,0.00,0.00,0.00,0.00,nmap.
0,udp,private,SF,207,0,0,0,0,0,0,0,0,0,0,0,0,0,0,0,0,0,2,2,0.00,0.00,0.00,0.00,1.00,0.00,0.00,162,138,0.85,0.01,0.85,0.00,0.00,0.00,0.00,0.00,nmap.
0,udp,private,SF,207,0,0,0,0,0,0,0,0,0,0,0,0,0,0,0,0,0,2,2,0.00,0.00,0.00,0.00,1.00,0.00,0.00,172,148,0.86,0.01,0.86,0.00,0.00,0.00,0.00,0.00,nmap.
0,udp,private,SF,100,0,0,0,0,0,0,0,0,0,0,0,0,0,0,0,0,0,3,3,0.00,0.00,0.00,0.00,1.00,0.00,0.00,182,32,0.18,0.01,0.18,0.00,0.00,0.00,0.00,0.00,nmap.
0,udp,private,SF,207,0,0,0,0,0,0,0,0,0,0,0,0,0,0,0,0,0,2,2,0.00,0.00,0.00,0.00,1.00,0.00,0.00,192,160,0.83,0.01,0.83,0.00,0.00,0.00,0.00,0.00,nmap.
0,udp,private,SF,207,0,0,0,0,0,0,0,0,0,0,0,0,0,0,0,0,0,2,2,0.00,0.00,0.00,0.00,1.00,0.00,0.00,202,170,0.84,0.01,0.84,0.00,0.00,0.00,0.00,0.00,nmap.
0,udp,private,SF,207,0,0,0,0,0,0,0,0,0,0,0,0,0,0,0,0,0,2,2,0.00,0.00,0.00,0.00,1.00,0.00,0.00,212,180,0.85,0.01,0.85,0.00,0.00,0.00,0.00,0.00,nmap.
0,udp,private,SF,207,0,0,0,0,0,0,0,0,0,0,0,0,0,0,0,0,0,2,2,0.00,0.00,0.00,0.00,1.00,0.00,0.00,222,190,0.86,0.01,0.86,0.00,0.00,0.00,0.00,0.00,nmap.
0,udp,private,SF,207,0,0,0,0,0,0,0,0,0,0,0,0,0,0,0,0,0,2,2,0.00,0.00,0.00,0.00,1.00,0.00,0.00,232,192,0.83,0.01,0.83,0.00,0.00,0.00,0.00,0.00,nmap.
0,udp,private,SF,207,0,0,0,0,0,0,0,0,0,0,0,0,0,0,0,0,0,2,2,0.00,0.00,0.00,0.00,1.00,0.00,0.00,242,202,0.83,0.01,0.83,0.00,0.00,0.00,0.00,0.00,nmap.
0,icmp,eco_i,SF,8,0,0,0,0,0,0,0,0,0,0,0,0,0,0,0,0,0,1,3,0.00,0.00,0.00,0.00,1.00,0.00,1.00,2,10,1.00,0.00,1.00,0.30,0.00,0.00,0.00,0.00,nmap.
0,icmp,eco_i,SF,8,0,0,0,0,0,0,0,0,0,0,0,0,0,0,0,0,0,1,3,0.00,0.00,0.00,0.00,1.00,0.00,1.00,4,20,1.00,0.00,1.00,0.25,0.00,0.00,0.00,0.00,nmap.
0,icmp,eco_i,SF,8,0,0,0,0,0,0,0,0,0,0,0,0,0,0,0,0,0,1,38,0.00,0.00,0.00,0.00,1.00,0.00,1.00,2,30,1.00,0.00,1.00,0.27,0.00,0.00,0.00,0.00,nmap.
0,icmp,eco_i,SF,8,0,0,0,0,0,0,0,0,0,0,0,0,0,0,0,0,0,1,7,0.00,0.00,0.00,0.00,1.00,0.00,1.00,4,40,1.00,0.00,1.00,0.25,0.00,0.00,0.00,0.00,nmap.
0,icmp,eco_i,SF,8,0,0,0,0,0,0,0,0,0,0,0,0,0,0,0,0,0,1,43,0.00,0.00,0.00,0.00,1.00,0.00,1.00,2,50,1.00,0.00,1.00,0.26,0.00,0.00,0.00,0.00,nmap.
0,icmp,eco_i,SF,8,0,0,0,0,0,0,0,0,0,0,0,0,0,0,0,0,0,1,11,0.00,0.00,0.00,0.00,1.00,0.00,1.00,4,60,1.00,0.00,1.00,0.25,0.00,0.00,0.00,0.00,nmap.
0,icmp,eco_i,SF,8,0,0,0,0,0,0,0,0,0,0,0,0,0,0,0,0,0,1,47,0.00,0.00,0.00,0.00,1.00,0.00,1.00,2,70,1.00,0.00,1.00,0.26,0.00,0.00,0.00,0.00,nmap.
0,icmp,eco_i,SF,8,0,0,0,0,0,0,0,0,0,0,0,0,0,0,0,0,0,1,16,0.00,0.00,0.00,0.00,1.00,0.00,1.00,4,80,1.00,0.00,1.00,0.25,0.00,0.00,0.00,0.00,nmap.
0,icmp,eco_i,SF,8,0,0,0,0,0,0,0,0,0,0,0,0,0,0,0,0,0,1,48,0.00,0.00,0.00,0.00,1.00,0.00,1.00,2,90,1.00,0.00,1.00,0.26,0.00,0.00,0.00,0.00,nmap.
0,icmp,eco_i,SF,8,0,0,0,0,0,0,0,0,0,0,0,0,0,0,0,0,0,1,26,0.00,0.00,0.00,0.00,1.00,0.00,1.00,4,100,1.00,0.00,1.00,0.25,0.00,0.00,0.00,0.00,nmap.
0,icmp,eco_i,SF,8,0,0,0,0,0,0,0,0,0,0,0,0,0,0,0,0,0,1,2,0.00,0.00,0.00,0.00,1.00,0.00,1.00,2,110,1.00,0.00,1.00,0.25,0.00,0.00,0.00,0.00,nmap.
0,icmp,eco_i,SF,8,0,0,0,0,0,0,0,0,0,0,0,0,0,0,0,0,0,1,24,0.00,0.00,0.00,0.00,1.00,0.00,1.00,4,120,1.00,0.00,1.00,0.25,0.00,0.00,0.00,0.00,nmap.
0,icmp,eco_i,SF,8,0,0,0,0,0,0,0,0,0,0,0,0,0,0,0,0,0,1,7,0.00,0.00,0.00,0.00,1.00,0.00,1.00,2,130,1.00,0.00,1.00,0.25,0.00,0.00,0.00,0.00,nmap.
0,icmp,eco_i,SF,8,0,0,0,0,0,0,0,0,0,0,0,0,0,0,0,0,0,1,29,0.00,0.00,0.00,0.00,1.00,0.00,1.00,4,140,1.00,0.00,1.00,0.25,0.00,0.00,0.00,0.00,nmap.
0,icmp,eco_i,SF,8,0,0,0,0,0,0,0,0,0,0,0,0,0,0,0,0,0,1,11,0.00,0.00,0.00,0.00,1.00,0.00,1.00,2,150,1.00,0.00,1.00,0.25,0.00,0.00,0.00,0.00,nmap.
0,icmp,eco_i,SF,8,0,0,0,0,0,0,0,0,0,0,0,0,0,0,0,0,0,1,33,0.00,0.00,0.00,0.00,1.00,0.00,1.00,4,160,1.00,0.00,1.00,0.25,0.00,0.00,0.00,0.00,nmap.
0,icmp,eco_i,SF,8,0,0,0,0,0,0,0,0,0,0,0,0,0,0,0,0,0,1,17,0.00,0.00,0.00,0.00,1.00,0.00,1.00,2,170,1.00,0.00,1.00,0.25,0.00,0.00,0.00,0.00,nmap.
0,icmp,eco_i,SF,8,0,0,0,0,0,0,0,0,0,0,0,0,0,0,0,0,0,1,38,0.00,0.00,0.00,0.00,1.00,0.00,1.00,4,180,1.00,0.00,1.00,0.25,0.00,0.00,0.00,0.00,nmap.
0,icmp,eco_i,SF,8,0,0,0,0,0,0,0,0,0,0,0,0,0,0,0,0,0,1,21,0.00,0.00,0.00,0.00,1.00,0.00,1.00,2,190,1.00,0.00,1.00,0.25,0.00,0.00,0.00,0.00,nmap.
0,icmp,eco_i,SF,8,0,0,0,0,0,0,0,0,0,0,0,0,0,0,0,0,0,1,42,0.00,0.00,0.00,0.00,1.00,0.00,1.00,4,200,1.00,0.00,1.00,0.25,0.00,0.00,0.00,0.00,nmap.
0,icmp,eco_i,SF,8,0,0,0,0,0,0,0,0,0,0,0,0,0,0,0,0,0,1,36,0.00,0.00,0.00,0.00,1.00,0.00,1.00,2,210,1.00,0.00,1.00,0.25,0.00,0.00,0.00,0.00,nmap.
0,icmp,eco_i,SF,8,0,0,0,0,0,0,0,0,0,0,0,0,0,0,0,0,0,1,46,0.00,0.00,0.00,0.00,1.00,0.00,1.00,4,220,1.00,0.00,1.00,0.25,0.00,0.00,0.00,0.00,nmap.
0,icmp,eco_i,SF,8,0,0,0,0,0,0,0,0,0,0,0,0,0,0,0,0,0,1,50,0.00,0.00,0.00,0.00,1.00,0.00,1.00,4,61,1.00,0.00,1.00,0.26,0.00,0.00,0.00,0.00,nmap.
0,icmp,eco_i,SF,8,0,0,0,0,0,0,0,0,0,0,0,0,0,0,0,0,0,1,28,0.00,0.00,0.00,0.00,1.00,0.00,1.00,2,61,1.00,0.00,1.00,0.26,0.00,0.00,0.00,0.00,nmap.
0,icmp,eco_i,SF,8,0,0,0,0,0,0,0,0,0,0,0,0,0,0,0,0,0,1,2,0.00,0.00,0.00,0.00,1.00,0.00,1.00,4,61,1.00,0.00,1.00,0.26,0.00,0.00,0.00,0.00,nmap.
0,icmp,eco_i,SF,8,0,0,0,0,0,0,0,0,0,0,0,0,0,0,0,0,0,1,52,0.00,0.00,0.00,0.00,1.00,0.00,1.00,2,61,1.00,0.00,1.00,0.26,0.00,0.00,0.00,0.00,nmap.
0,icmp,eco_i,SF,8,0,0,0,0,0,0,0,0,0,0,0,0,0,0,0,0,0,1,30,0.00,0.00,0.00,0.00,1.00,0.00,1.00,4,61,1.00,0.00,1.00,0.26,0.00,0.00,0.00,0.00,nmap.
0,icmp,eco_i,SF,8,0,0,0,0,0,0,0,0,0,0,0,0,0,0,0,0,0,1,39,0.00,0.00,0.00,0.00,1.00,0.00,1.00,2,61,1.00,0.00,1.00,0.26,0.00,0.00,0.00,0.00,nmap.
0,icmp,eco_i,SF,8,0,0,0,0,0,0,0,0,0,0,0,0,0,0,0,0,0,1,10,0.00,0.00,0.00,0.00,1.00,0.00,1.00,4,68,1.00,0.00,1.00,0.25,0.00,0.00,0.00,0.00,nmap.
0,icmp,eco_i,SF,8,0,0,0,0,0,0,0,0,0,0,0,0,0,0,0,0,0,1,34,0.00,0.00,0.00,0.00,1.00,0.00,1.00,2,78,1.00,0.00,1.00,0.26,0.00,0.00,0.00,0.00,nmap.
0,icmp,eco_i,SF,8,0,0,0,0,0,0,0,0,0,0,0,0,0,0,0,0,0,1,15,0.00,0.00,0.00,0.00,1.00,0.00,1.00,4,88,1.00,0.00,1.00,0.25,0.00,0.00,0.00,0.00,nmap.
0,icmp,eco_i,SF,8,0,0,0,0,0,0,0,0,0,0,0,0,0,0,0,0,0,1,30,0.00,0.00,0.00,0.00,1.00,0.00,1.00,2,98,1.00,0.00,1.00,0.26,0.00,0.00,0.00,0.00,nmap.
0,icmp,eco_i,SF,8,0,0,0,0,0,0,0,0,0,0,0,0,0,0,0,0,0,1,19,0.00,0.00,0.00,0.00,1.00,0.00,1.00,4,108,1.00,0.00,1.00,0.25,0.00,0.00,0.00,0.00,nmap.
0,icmp,eco_i,SF,8,0,0,0,0,0,0,0,0,0,0,0,0,0,0,0,0,0,1,25,0.00,0.00,0.00,0.00,1.00,0.00,1.00,2,118,1.00,0.00,1.00,0.25,0.00,0.00,0.00,0.00,nmap.
0,icmp,eco_i,SF,8,0,0,0,0,0,0,0,0,0,0,0,0,0,0,0,0,0,1,24,0.00,0.00,0.00,0.00,1.00,0.00,1.00,4,128,1.00,0.00,1.00,0.25,0.00,0.00,0.00,0.00,nmap.
0,icmp,eco_i,SF,8,0,0,0,0,0,0,0,0,0,0,0,0,0,0,0,0,0,1,21,0.00,0.00,0.00,0.00,1.00,0.00,1.00,2,138,1.00,0.00,1.00,0.25,0.00,0.00,0.00,0.00,nmap.
0,icmp,eco_i,SF,8,0,0,0,0,0,0,0,0,0,0,0,0,0,0,0,0,0,1,28,0.00,0.00,0.00,0.00,1.00,0.00,1.00,4,148,1.00,0.00,1.00,0.25,0.00,0.00,0.00,0.00,nmap.
0,icmp,eco_i,SF,8,0,0,0,0,0,0,0,0,0,0,0,0,0,0,0,0,0,1,51,0.00,0.00,0.00,0.00,1.00,0.00,1.00,2,158,1.00,0.00,1.00,0.25,0.00,0.00,0.00,0.00,nmap.
0,icmp,eco_i,SF,8,0,0,0,0,0,0,0,0,0,0,0,0,0,0,0,0,0,1,33,0.00,0.00,0.00,0.00,1.00,0.00,1.00,4,168,1.00,0.00,1.00,0.25,0.00,0.00,0.00,0.00,nmap.
0,icmp,eco_i,SF,8,0,0,0,0,0,0,0,0,0,0,0,0,0,0,0,0,0,1,51,0.00,0.00,0.00,0.00,1.00,0.00,1.00,2,178,1.00,0.00,1.00,0.25,0.00,0.00,0.00,0.00,nmap.
0,icmp,eco_i,SF,8,0,0,0,0,0,0,0,0,0,0,0,0,0,0,0,0,0,1,37,0.00,0.00,0.00,0.00,1.00,0.00,1.00,4,188,1.00,0.00,1.00,0.25,0.00,0.00,0.00,0.00,nmap.
0,icmp,eco_i,SF,8,0,0,0,0,0,0,0,0,0,0,0,0,0,0,0,0,0,1,10,0.00,0.00,0.00,0.00,1.00,0.00,1.00,2,198,1.00,0.00,1.00,0.25,0.00,0.00,0.00,0.00,nmap.
0,icmp,eco_i,SF,8,0,0,0,0,0,0,0,0,0,0,0,0,0,0,0,0,0,1,41,0.00,0.00,0.00,0.00,1.00,0.00,1.00,4,8,1.00,0.00,1.00,0.25,0.00,0.00,0.00,0.00,nmap.
0,icmp,eco_i,SF,8,0,0,0,0,0,0,0,0,0,0,0,0,0,0,0,0,0,1,3,0.00,0.00,0.00,0.00,1.00,0.00,1.00,2,18,1.00,0.00,1.00,0.28,0.00,0.00,0.00,0.00,nmap.
0,icmp,eco_i,SF,8,0,0,0,0,0,0,0,0,0,0,0,0,0,0,0,0,0,46,34,0.00,0.00,0.00,0.00,0.02,0.04,1.00,4,28,1.00,0.00,1.00,0.25,0.00,0.00,0.00,0.00,nmap.
0,icmp,eco_i,SF,8,0,0,0,0,0,0,0,0,0,0,0,0,0,0,0,0,0,1,45,0.00,0.00,0.00,0.00,1.00,0.00,1.00,2,10,1.00,0.00,1.00,0.30,0.00,0.00,0.00,0.00,nmap.
0,icmp,eco_i,SF,8,0,0,0,0,0,0,0,0,0,0,0,0,0,0,0,0,0,1,49,0.00,0.00,0.00,0.00,1.00,0.00,1.00,4,20,1.00,0.00,1.00,0.25,0.00,0.00,0.00,0.00,nmap.
0,icmp,eco_i,SF,8,0,0,0,0,0,0,0,0,0,0,0,0,0,0,0,0,0,1,50,0.00,0.00,0.00,0.00,1.00,0.00,1.00,2,30,1.00,0.00,1.00,0.27,0.00,0.00,0.00,0.00,nmap.
0,icmp,eco_i,SF,8,0,0,0,0,0,0,0,0,0,0,0,0,0,0,0,0,0,1,1,0.00,0.00,0.00,0.00,1.00,0.00,0.00,3,35,1.00,0.00,1.00,0.26,0.00,0.00,0.00,0.00,nmap.
0,icmp,eco_i,SF,8,0,0,0,0,0,0,0,0,0,0,0,0,0,0,0,0,0,1,2,0.00,0.00,0.00,0.00,1.00,0.00,1.00,1,45,1.00,0.00,1.00,0.27,0.00,0.00,0.00,0.00,nmap.
0,icmp,eco_i,SF,8,0,0,0,0,0,0,0,0,0,0,0,0,0,0,0,0,0,1,5,0.00,0.00,0.00,0.00,1.00,0.00,1.00,3,55,1.00,0.00,1.00,0.25,0.00,0.00,0.00,0.00,nmap.
0,icmp,eco_i,SF,8,0,0,0,0,0,0,0,0,0,0,0,0,0,0,0,0,0,1,6,0.00,0.00,0.00,0.00,1.00,0.00,1.00,1,65,1.00,0.00,1.00,0.26,0.00,0.00,0.00,0.00,nmap.
0,icmp,eco_i,SF,8,0,0,0,0,0,0,0,0,0,0,0,0,0,0,0,0,0,1,10,0.00,0.00,0.00,0.00,1.00,0.00,1.00,3,75,1.00,0.00,1.00,0.25,0.00,0.00,0.00,0.00,nmap.
0,icmp,eco_i,SF,8,0,0,0,0,0,0,0,0,0,0,0,0,0,0,0,0,0,1,22,0.00,0.00,0.00,0.00,1.00,0.00,1.00,1,80,1.00,0.00,1.00,0.26,0.00,0.00,0.00,0.00,nmap.
0,icmp,eco_i,SF,8,0,0,0,0,0,0,0,0,0,0,0,0,0,0,0,0,0,1,14,0.00,0.00,0.00,0.00,1.00,0.00,1.00,3,80,1.00,0.00,1.00,0.26,0.00,0.00,0.00,0.00,nmap.
0,icmp,eco_i,SF,8,0,0,0,0,0,0,0,0,0,0,0,0,0,0,0,0,0,1,15,0.00,0.00,0.00,0.00,1.00,0.00,1.00,1,80,1.00,0.00,1.00,0.26,0.00,0.00,0.00,0.00,nmap.
0,icmp,eco_i,SF,8,0,0,0,0,0,0,0,0,0,0,0,0,0,0,0,0,0,1,19,0.00,0.00,0.00,0.00,1.00,0.00,1.00,3,83,1.00,0.00,1.00,0.25,0.00,0.00,0.00,0.00,nmap.
0,icmp,eco_i,SF,8,0,0,0,0,0,0,0,0,0,0,0,0,0,0,0,0,0,1,20,0.00,0.00,0.00,0.00,1.00,0.00,1.00,1,93,1.00,0.00,1.00,0.26,0.00,0.00,0.00,0.00,nmap.
0,icmp,eco_i,SF,8,0,0,0,0,0,0,0,0,0,0,0,0,0,0,0,0,0,1,23,0.00,0.00,0.00,0.00,1.00,0.00,1.00,3,103,1.00,0.00,1.00,0.25,0.00,0.00,0.00,0.00,nmap.
0,icmp,eco_i,SF,8,0,0,0,0,0,0,0,0,0,0,0,0,0,0,0,0,0,1,25,0.00,0.00,0.00,0.00,1.00,0.00,1.00,1,113,1.00,0.00,1.00,0.26,0.00,0.00,0.00,0.00,nmap.
0,icmp,eco_i,SF,8,0,0,0,0,0,0,0,0,0,0,0,0,0,0,0,0,0,1,28,0.00,0.00,0.00,0.00,1.00,0.00,1.00,3,123,1.00,0.00,1.00,0.25,0.00,0.00,0.00,0.00,nmap.
0,icmp,eco_i,SF,8,0,0,0,0,0,0,0,0,0,0,0,0,0,0,0,0,0,1,44,0.00,0.00,0.00,0.00,1.00,0.00,1.00,1,133,1.00,0.00,1.00,0.26,0.00,0.00,0.00,0.00,nmap.
0,icmp,eco_i,SF,8,0,0,0,0,0,0,0,0,0,0,0,0,0,0,0,0,0,1,37,0.00,0.00,0.00,0.00,1.00,0.00,1.00,3,143,1.00,0.00,1.00,0.25,0.00,0.00,0.00,0.00,nmap.
0,icmp,eco_i,SF,8,0,0,0,0,0,0,0,0,0,0,0,0,0,0,0,0,0,1,40,0.00,0.00,0.00,0.00,1.00,0.00,1.00,1,153,1.00,0.00,1.00,0.25,0.00,0.00,0.00,0.00,nmap.
0,icmp,eco_i,SF,8,0,0,0,0,0,0,0,0,0,0,0,0,0,0,0,0,0,1,37,0.00,0.00,0.00,0.00,1.00,0.00,1.00,3,163,1.00,0.00,1.00,0.25,0.00,0.00,0.00,0.00,nmap.
0,icmp,eco_i,SF,8,0,0,0,0,0,0,0,0,0,0,0,0,0,0,0,0,0,1,35,0.00,0.00,0.00,0.00,1.00,0.00,1.00,1,173,1.00,0.00,1.00,0.25,0.00,0.00,0.00,0.00,nmap.
0,icmp,eco_i,SF,8,0,0,0,0,0,0,0,0,0,0,0,0,0,0,0,0,0,1,42,0.00,0.00,0.00,0.00,1.00,0.00,1.00,3,183,1.00,0.00,1.00,0.25,0.00,0.00,0.00,0.00,nmap.
0,icmp,eco_i,SF,8,0,0,0,0,0,0,0,0,0,0,0,0,0,0,0,0,0,1,31,0.00,0.00,0.00,0.00,1.00,0.00,1.00,1,193,1.00,0.00,1.00,0.25,0.00,0.00,0.00,0.00,nmap.
0,icmp,eco_i,SF,8,0,0,0,0,0,0,0,0,0,0,0,0,0,0,0,0,0,1,46,0.00,0.00,0.00,0.00,1.00,0.00,1.00,3,203,1.00,0.00,1.00,0.25,0.00,0.00,0.00,0.00,nmap.
0,icmp,eco_i,SF,8,0,0,0,0,0,0,0,0,0,0,0,0,0,0,0,0,0,1,27,0.00,0.00,0.00,0.00,1.00,0.00,1.00,1,213,1.00,0.00,1.00,0.25,0.00,0.00,0.00,0.00,nmap.
0,icmp,eco_i,SF,8,0,0,0,0,0,0,0,0,0,0,0,0,0,0,0,0,0,1,42,0.00,0.00,0.00,0.00,1.00,0.00,1.00,3,223,1.00,0.00,1.00,0.25,0.00,0.00,0.00,0.00,nmap.
0,icmp,eco_i,SF,8,0,0,0,0,0,0,0,0,0,0,0,0,0,0,0,0,0,1,31,0.00,0.00,0.00,0.00,1.00,0.00,1.00,1,233,1.00,0.00,1.00,0.25,0.00,0.00,0.00,0.00,nmap.
0,icmp,eco_i,SF,8,0,0,0,0,0,0,0,0,0,0,0,0,0,0,0,0,0,1,46,0.00,0.00,0.00,0.00,1.00,0.00,1.00,3,243,1.00,0.00,1.00,0.25,0.00,0.00,0.00,0.00,nmap.
0,icmp,eco_i,SF,8,0,0,0,0,0,0,0,0,0,0,0,0,0,0,0,0,0,1,36,0.00,0.00,0.00,0.00,1.00,0.00,1.00,1,253,1.00,0.00,1.00,0.25,0.00,0.00,0.00,0.00,nmap.
0,icmp,eco_i,SF,8,0,0,0,0,0,0,0,0,0,0,0,0,0,0,0,0,0,1,51,0.00,0.00,0.00,0.00,1.00,0.00,1.00,3,255,1.00,0.00,1.00,0.25,0.00,0.00,0.00,0.00,nmap.
0,icmp,eco_i,SF,8,0,0,0,0,0,0,0,0,0,0,0,0,0,0,0,0,0,1,40,0.00,0.00,0.00,0.00,1.00,0.00,1.00,1,255,1.00,0.00,1.00,0.25,0.00,0.00,0.00,0.00,nmap.
0,icmp,eco_i,SF,8,0,0,0,0,0,0,0,0,0,0,0,0,0,0,0,0,0,1,5,0.00,0.00,0.00,0.00,1.00,0.00,1.00,3,255,1.00,0.00,1.00,0.25,0.00,0.00,0.00,0.00,nmap.
0,icmp,eco_i,SF,8,0,0,0,0,0,0,0,0,0,0,0,0,0,0,0,0,0,1,45,0.00,0.00,0.00,0.00,1.00,0.00,1.00,1,255,1.00,0.00,1.00,0.25,0.00,0.00,0.00,0.00,nmap.
0,icmp,eco_i,SF,8,0,0,0,0,0,0,0,0,0,0,0,0,0,0,0,0,0,1,1,0.00,0.00,0.00,0.00,1.00,0.00,0.00,3,255,1.00,0.00,1.00,0.25,0.00,0.00,0.00,0.00,nmap.
0,icmp,eco_i,SF,8,0,0,0,0,0,0,0,0,0,0,0,0,0,0,0,0,0,1,6,0.00,0.00,0.00,0.00,1.00,0.00,1.00,1,255,1.00,0.00,1.00,0.25,0.00,0.00,0.00,0.00,nmap.
0,icmp,eco_i,SF,8,0,0,0,0,0,0,0,0,0,0,0,0,0,0,0,0,0,1,32,0.00,0.00,0.00,0.00,1.00,0.00,1.00,1,41,1.00,0.00,1.00,0.27,0.00,0.00,0.00,0.00,nmap.
0,icmp,eco_i,SF,8,0,0,0,0,0,0,0,0,0,0,0,0,0,0,0,0,0,1,13,0.00,0.00,0.00,0.00,1.00,0.00,1.00,3,41,1.00,0.00,1.00,0.27,0.00,0.00,0.00,0.00,nmap.
0,icmp,eco_i,SF,8,0,0,0,0,0,0,0,0,0,0,0,0,0,0,0,0,0,1,37,0.00,0.00,0.00,0.00,1.00,0.00,1.00,1,41,1.00,0.00,1.00,0.27,0.00,0.00,0.00,0.00,nmap.
0,icmp,eco_i,SF,8,0,0,0,0,0,0,0,0,0,0,0,0,0,0,0,0,0,1,19,0.00,0.00,0.00,0.00,1.00,0.00,1.00,3,42,1.00,0.00,1.00,0.26,0.00,0.00,0.00,0.00,nmap.
0,icmp,eco_i,SF,8,0,0,0,0,0,0,0,0,0,0,0,0,0,0,0,0,0,1,41,0.00,0.00,0.00,0.00,1.00,0.00,1.00,1,49,1.00,0.00,1.00,0.27,0.00,0.00,0.00,0.00,nmap.
0,icmp,eco_i,SF,8,0,0,0,0,0,0,0,0,0,0,0,0,0,0,0,0,0,1,22,0.00,0.00,0.00,0.00,1.00,0.00,1.00,3,59,1.00,0.00,1.00,0.25,0.00,0.00,0.00,0.00,nmap.
0,icmp,eco_i,SF,8,0,0,0,0,0,0,0,0,0,0,0,0,0,0,0,0,0,1,46,0.00,0.00,0.00,0.00,1.00,0.00,1.00,1,69,1.00,0.00,1.00,0.26,0.00,0.00,0.00,0.00,nmap.
0,icmp,eco_i,SF,8,0,0,0,0,0,0,0,0,0,0,0,0,0,0,0,0,0,1,27,0.00,0.00,0.00,0.00,1.00,0.00,1.00,3,79,1.00,0.00,1.00,0.25,0.00,0.00,0.00,0.00,nmap.
0,icmp,eco_i,SF,8,0,0,0,0,0,0,0,0,0,0,0,0,0,0,0,0,0,1,50,0.00,0.00,0.00,0.00,1.00,0.00,1.00,1,89,1.00,0.00,1.00,0.26,0.00,0.00,0.00,0.00,nmap.
0,icmp,eco_i,SF,8,0,0,0,0,0,0,0,0,0,0,0,0,0,0,0,0,0,1,32,0.00,0.00,0.00,0.00,1.00,0.00,1.00,3,99,1.00,0.00,1.00,0.25,0.00,0.00,0.00,0.00,nmap.
0,icmp,eco_i,SF,8,0,0,0,0,0,0,0,0,0,0,0,0,0,0,0,0,0,1,28,0.00,0.00,0.00,0.00,1.00,0.00,1.00,1,109,1.00,0.00,1.00,0.26,0.00,0.00,0.00,0.00,nmap.
0,icmp,eco_i,SF,8,0,0,0,0,0,0,0,0,0,0,0,0,0,0,0,0,0,1,37,0.00,0.00,0.00,0.00,1.00,0.00,1.00,3,119,1.00,0.00,1.00,0.25,0.00,0.00,0.00,0.00,nmap.
0,icmp,eco_i,SF,8,0,0,0,0,0,0,0,0,0,0,0,0,0,0,0,0,0,1,24,0.00,0.00,0.00,0.00,1.00,0.00,1.00,1,129,1.00,0.00,1.00,0.26,0.00,0.00,0.00,0.00,nmap.
0,icmp,eco_i,SF,8,0,0,0,0,0,0,0,0,0,0,0,0,0,0,0,0,0,1,29,0.00,0.00,0.00,0.00,1.00,0.00,1.00,3,139,1.00,0.00,1.00,0.25,0.00,0.00,0.00,0.00,nmap.
0,icmp,eco_i,SF,8,0,0,0,0,0,0,0,0,0,0,0,0,0,0,0,0,0,1,19,0.00,0.00,0.00,0.00,1.00,0.00,1.00,1,149,1.00,0.00,1.00,0.26,0.00,0.00,0.00,0.00,nmap.
0,icmp,eco_i,SF,8,0,0,0,0,0,0,0,0,0,0,0,0,0,0,0,0,0,1,45,0.00,0.00,0.00,0.00,1.00,0.00,1.00,3,159,1.00,0.00,1.00,0.25,0.00,0.00,0.00,0.00,nmap.
0,icmp,eco_i,SF,8,0,0,0,0,0,0,0,0,0,0,0,0,0,0,0,0,0,1,10,0.00,0.00,0.00,0.00,1.00,0.00,1.00,1,169,1.00,0.00,1.00,0.25,0.00,0.00,0.00,0.00,nmap.
0,icmp,eco_i,SF,8,0,0,0,0,0,0,0,0,0,0,0,0,0,0,0,0,0,1,50,0.00,0.00,0.00,0.00,1.00,0.00,1.00,3,179,1.00,0.00,1.00,0.25,0.00,0.00,0.00,0.00,nmap.
0,icmp,eco_i,SF,8,0,0,0,0,0,0,0,0,0,0,0,0,0,0,0,0,0,1,10,0.00,0.00,0.00,0.00,1.00,0.00,1.00,1,189,1.00,0.00,1.00,0.25,0.00,0.00,0.00,0.00,nmap.
0,icmp,eco_i,SF,8,0,0,0,0,0,0,0,0,0,0,0,0,0,0,0,0,0,1,9,0.00,0.00,0.00,0.00,1.00,0.00,1.00,3,199,1.00,0.00,1.00,0.25,0.00,0.00,0.00,0.00,nmap.
0,icmp,eco_i,SF,8,0,0,0,0,0,0,0,0,0,0,0,0,0,0,0,0,0,1,5,0.00,0.00,0.00,0.00,1.00,0.00,1.00,1,209,1.00,0.00,1.00,0.25,0.00,0.00,0.00,0.00,nmap.
