0,icmp,ecr_i,SF,1480,0,0,1,0,0,0,0,0,0,0,0,0,0,0,0,0,0,1,1,0.00,0.00,0.00,0.00,1.00,0.00,0.00,85,1,0.01,0.05,0.01,0.00,0.00,0.00,0.00,0.00,pod.
0,icmp,ecr_i,SF,1480,0,0,1,0,0,0,0,0,0,0,0,0,0,0,0,0,0,2,2,0.00,0.00,0.00,0.00,1.00,0.00,0.00,86,2,0.02,0.05,0.02,0.00,0.00,0.00,0.00,0.00,pod.
0,icmp,ecr_i,SF,1480,0,0,1,0,0,0,0,0,0,0,0,0,0,0,0,0,0,3,3,0.00,0.00,0.00,0.00,1.00,0.00,0.00,87,3,0.03,0.05,0.03,0.00,0.00,0.00,0.00,0.00,pod.
0,icmp,ecr_i,SF,1480,0,0,1,0,0,0,0,0,0,0,0,0,0,0,0,0,0,4,4,0.00,0.00,0.00,0.00,1.00,0.00,0.00,88,4,0.05,0.05,0.05,0.00,0.00,0.00,0.00,0.00,pod.
0,icmp,ecr_i,SF,1480,0,0,1,0,0,0,0,0,0,0,0,0,0,0,0,0,0,5,5,0.00,0.00,0.00,0.00,1.00,0.00,0.00,89,5,0.06,0.04,0.06,0.00,0.00,0.00,0.00,0.00,pod.
0,icmp,ecr_i,SF,1480,0,0,1,0,0,0,0,0,0,0,0,0,0,0,0,0,0,6,6,0.00,0.00,0.00,0.00,1.00,0.00,0.00,90,6,0.07,0.04,0.07,0.00,0.00,0.00,0.00,0.00,pod.
0,icmp,ecr_i,SF,1480,0,0,1,0,0,0,0,0,0,0,0,0,0,0,0,0,0,7,7,0.00,0.00,0.00,0.00,1.00,0.00,0.00,91,7,0.08,0.04,0.08,0.00,0.00,0.00,0.00,0.00,pod.
0,icmp,ecr_i,SF,1480,0,0,1,0,0,0,0,0,0,0,0,0,0,0,0,0,0,8,8,0.00,0.00,0.00,0.00,1.00,0.00,0.00,92,8,0.09,0.04,0.09,0.00,0.00,0.00,0.00,0.00,pod.
0,icmp,ecr_i,SF,1480,0,0,1,0,0,0,0,0,0,0,0,0,0,0,0,0,0,9,9,0.00,0.00,0.00,0.00,1.00,0.00,0.00,93,9,0.10,0.04,0.10,0.00,0.00,0.00,0.00,0.00,pod.
0,icmp,ecr_i,SF,1480,0,0,1,0,0,0,0,0,0,0,0,0,0,0,0,0,0,10,10,0.00,0.00,0.00,0.00,1.00,0.00,0.00,94,10,0.11,0.04,0.11,0.00,0.00,0.00,0.00,0.00,pod.
0,icmp,ecr_i,SF,1480,0,0,1,0,0,0,0,0,0,0,0,0,0,0,0,0,0,11,11,0.00,0.00,0.00,0.00,1.00,0.00,0.00,95,11,0.12,0.04,0.12,0.00,0.00,0.00,0.00,0.00,pod.
0,icmp,ecr_i,SF,1480,0,0,1,0,0,0,0,0,0,0,0,0,0,0,0,0,0,12,12,0.00,0.00,0.00,0.00,1.00,0.00,0.00,96,12,0.12,0.04,0.12,0.00,0.00,0.00,0.00,0.00,pod.
0,icmp,ecr_i,SF,1480,0,0,1,0,0,0,0,0,0,0,0,0,0,0,0,0,0,13,13,0.00,0.00,0.00,0.00,1.00,0.00,0.00,97,13,0.13,0.04,0.13,0.00,0.00,0.00,0.00,0.00,pod.
0,icmp,ecr_i,SF,1480,0,0,1,0,0,0,0,0,0,0,0,0,0,0,0,0,0,14,14,0.00,0.00,0.00,0.00,1.00,0.00,0.00,98,14,0.14,0.04,0.14,0.00,0.00,0.00,0.00,0.00,pod.
0,icmp,ecr_i,SF,1480,0,0,1,0,0,0,0,0,0,0,0,0,0,0,0,0,0,15,15,0.00,0.00,0.00,0.00,1.00,0.00,0.00,99,15,0.15,0.04,0.15,0.00,0.00,0.00,0.00,0.00,pod.
0,icmp,ecr_i,SF,1480,0,0,1,0,0,0,0,0,0,0,0,0,0,0,0,0,0,16,16,0.00,0.00,0.00,0.00,1.00,0.00,0.00,100,16,0.16,0.04,0.16,0.00,0.00,0.00,0.00,0.00,pod.
0,icmp,ecr_i,SF,1480,0,0,1,0,0,0,0,0,0,0,0,0,0,0,0,0,0,17,17,0.00,0.00,0.00,0.00,1.00,0.00,0.00,101,17,0.17,0.04,0.17,0.00,0.00,0.00,0.00,0.00,pod.
0,icmp,ecr_i,SF,1480,0,0,1,0,0,0,0,0,0,0,0,0,0,0,0,0,0,18,18,0.00,0.00,0.00,0.00,1.00,0.00,0.00,102,18,0.18,0.04,0.18,0.00,0.00,0.00,0.00,0.00,pod.
0,icmp,ecr_i,SF,1480,0,0,1,0,0,0,0,0,0,0,0,0,0,0,0,0,0,19,19,0.00,0.00,0.00,0.00,1.00,0.00,0.00,103,19,0.18,0.04,0.18,0.00,0.00,0.00,0.00,0.00,pod.
0,icmp,ecr_i,SF,1480,0,0,1,0,0,0,0,0,0,0,0,0,0,0,0,0,0,20,20,0.00,0.00,0.00,0.00,1.00,0.00,0.00,104,20,0.19,0.04,0.19,0.00,0.00,0.00,0.00,0.00,pod.
0,icmp,ecr_i,SF,1480,0,0,1,0,0,0,0,0,0,0,0,0,0,0,0,0,0,1,1,0.00,0.00,0.00,0.00,1.00,0.00,0.00,255,1,0.00,0.02,0.00,0.00,0.00,0.00,0.00,0.00,pod.
0,icmp,ecr_i,SF,1480,0,0,1,0,0,0,0,0,0,0,0,0,0,0,0,0,0,2,2,0.00,0.00,0.00,0.00,1.00,0.00,0.00,255,2,0.01,0.02,0.01,0.00,0.00,0.00,0.00,0.00,pod.
0,icmp,ecr_i,SF,1480,0,0,1,0,0,0,0,0,0,0,0,0,0,0,0,0,0,3,3,0.00,0.00,0.00,0.00,1.00,0.00,0.00,255,3,0.01,0.02,0.01,0.00,0.00,0.00,0.00,0.00,pod.
0,icmp,ecr_i,SF,1480,0,0,1,0,0,0,0,0,0,0,0,0,0,0,0,0,0,4,4,0.00,0.00,0.00,0.00,1.00,0.00,0.00,255,4,0.02,0.02,0.02,0.00,0.00,0.00,0.00,0.00,pod.
0,icmp,ecr_i,SF,1480,0,0,1,0,0,0,0,0,0,0,0,0,0,0,0,0,0,5,5,0.00,0.00,0.00,0.00,1.00,0.00,0.00,255,5,0.02,0.02,0.02,0.00,0.00,0.00,0.00,0.00,pod.
0,icmp,ecr_i,SF,1480,0,0,1,0,0,0,0,0,0,0,0,0,0,0,0,0,0,6,6,0.00,0.00,0.00,0.00,1.00,0.00,0.00,255,6,0.02,0.02,0.02,0.00,0.00,0.00,0.00,0.00,pod.
0,icmp,ecr_i,SF,1480,0,0,1,0,0,0,0,0,0,0,0,0,0,0,0,0,0,7,7,0.00,0.00,0.00,0.00,1.00,0.00,0.00,255,7,0.03,0.02,0.03,0.00,0.00,0.00,0.00,0.00,pod.
0,icmp,ecr_i,SF,1480,0,0,1,0,0,0,0,0,0,0,0,0,0,0,0,0,0,8,8,0.00,0.00,0.00,0.00,1.00,0.00,0.00,255,8,0.03,0.02,0.03,0.00,0.00,0.00,0.00,0.00,pod.
0,icmp,ecr_i,SF,1480,0,0,1,0,0,0,0,0,0,0,0,0,0,0,0,0,0,9,9,0.00,0.00,0.00,0.00,1.00,0.00,0.00,255,9,0.04,0.02,0.04,0.00,0.00,0.00,0.00,0.00,pod.
0,icmp,ecr_i,SF,1480,0,0,1,0,0,0,0,0,0,0,0,0,0,0,0,0,0,10,10,0.00,0.00,0.00,0.00,1.00,0.00,0.00,255,10,0.04,0.02,0.04,0.00,0.00,0.00,0.00,0.00,pod.
0,icmp,ecr_i,SF,1480,0,0,1,0,0,0,0,0,0,0,0,0,0,0,0,0,0,11,11,0.00,0.00,0.00,0.00,1.00,0.00,0.00,255,11,0.04,0.02,0.04,0.00,0.00,0.00,0.00,0.00,pod.
0,icmp,ecr_i,SF,1480,0,0,1,0,0,0,0,0,0,0,0,0,0,0,0,0,0,12,12,0.00,0.00,0.00,0.00,1.00,0.00,0.00,255,12,0.05,0.02,0.05,0.00,0.00,0.00,0.00,0.00,pod.
0,icmp,ecr_i,SF,1480,0,0,1,0,0,0,0,0,0,0,0,0,0,0,0,0,0,13,13,0.00,0.00,0.00,0.00,1.00,0.00,0.00,255,13,0.05,0.02,0.05,0.00,0.00,0.00,0.00,0.00,pod.
0,icmp,ecr_i,SF,1480,0,0,1,0,0,0,0,0,0,0,0,0,0,0,0,0,0,14,14,0.00,0.00,0.00,0.00,1.00,0.00,0.00,255,14,0.05,0.02,0.05,0.00,0.00,0.00,0.00,0.00,pod.
0,icmp,ecr_i,SF,1480,0,0,1,0,0,0,0,0,0,0,0,0,0,0,0,0,0,15,15,0.00,0.00,0.00,0.00,1.00,0.00,0.00,255,15,0.06,0.02,0.06,0.00,0.00,0.00,0.00,0.00,pod.
0,icmp,ecr_i,SF,1480,0,0,1,0,0,0,0,0,0,0,0,0,0,0,0,0,0,16,16,0.00,0.00,0.00,0.00,1.00,0.00,0.00,255,16,0.06,0.02,0.06,0.00,0.00,0.00,0.00,0.00,pod.
0,icmp,ecr_i,SF,1480,0,0,1,0,0,0,0,0,0,0,0,0,0,0,0,0,0,17,17,0.00,0.00,0.00,0.00,1.00,0.00,0.00,255,17,0.07,0.02,0.07,0.00,0.00,0.00,0.00,0.00,pod.
0,icmp,ecr_i,SF,1480,0,0,1,0,0,0,0,0,0,0,0,0,0,0,0,0,0,18,18,0.00,0.00,0.00,0.00,1.00,0.00,0.00,255,18,0.07,0.02,0.07,0.00,0.00,0.00,0.00,0.00,pod.
0,icmp,ecr_i,SF,1480,0,0,1,0,0,0,0,0,0,0,0,0,0,0,0,0,0,19,19,0.00,0.00,0.00,0.00,1.00,0.00,0.00,255,19,0.07,0.02,0.07,0.00,0.00,0.00,0.00,0.00,pod.
0,icmp,ecr_i,SF,1480,0,0,1,0,0,0,0,0,0,0,0,0,0,0,0,0,0,20,20,0.00,0.00,0.00,0.00,1.00,0.00,0.00,255,20,0.08,0.02,0.08,0.00,0.00,0.00,0.00,0.00,pod.
0,icmp,ecr_i,SF,1480,0,0,1,0,0,0,0,0,0,0,0,0,0,0,0,0,0,1,1,0.00,0.00,0.00,0.00,1.00,0.00,0.00,2,1,0.50,1.00,0.50,0.00,0.00,0.00,0.00,0.00,pod.
0,icmp,ecr_i,SF,1480,0,0,1,0,0,0,0,0,0,0,0,0,0,0,0,0,0,2,2,0.00,0.00,0.00,0.00,1.00,0.00,0.00,3,2,0.67,0.67,0.67,0.00,0.00,0.00,0.00,0.00,pod.
0,icmp,ecr_i,SF,1480,0,0,1,0,0,0,0,0,0,0,0,0,0,0,0,0,0,1,3,0.00,0.00,0.00,0.00,1.00,0.00,0.67,1,3,1.00,0.00,1.00,0.67,0.00,0.00,0.00,0.00,pod.
0,icmp,ecr_i,SF,1480,0,0,1,0,0,0,0,0,0,0,0,0,0,0,0,0,0,2,4,0.00,0.00,0.00,0.00,1.00,0.00,0.50,2,4,1.00,0.00,1.00,0.50,0.00,0.00,0.00,0.00,pod.
0,icmp,ecr_i,SF,1480,0,0,1,0,0,0,0,0,0,0,0,0,0,0,0,0,0,1,1,0.00,0.00,0.00,0.00,1.00,0.00,0.00,3,5,0.33,0.67,0.33,0.60,0.00,0.00,0.00,0.00,pod.
0,icmp,ecr_i,SF,1480,0,0,1,0,0,0,0,0,0,0,0,0,0,0,0,0,0,2,2,0.00,0.00,0.00,0.00,1.00,0.00,0.00,4,6,0.50,0.50,0.50,0.50,0.00,0.00,0.00,0.00,pod.
0,icmp,ecr_i,SF,1480,0,0,1,0,0,0,0,0,0,0,0,0,0,0,0,0,0,1,1,0.00,0.00,0.00,0.00,1.00,0.00,0.00,1,7,1.00,0.00,1.00,0.57,0.00,0.00,0.00,0.00,pod.
0,icmp,ecr_i,SF,1480,0,0,1,0,0,0,0,0,0,0,0,0,0,0,0,0,0,2,2,0.00,0.00,0.00,0.00,1.00,0.00,0.00,2,8,1.00,0.00,1.00,0.50,0.00,0.00,0.00,0.00,pod.
0,icmp,ecr_i,SF,1480,0,0,1,0,0,0,0,0,0,0,0,0,0,0,0,0,0,1,3,0.00,0.00,0.00,0.00,1.00,0.00,0.67,1,9,1.00,0.00,1.00,0.56,0.00,0.00,0.00,0.00,pod.
0,icmp,ecr_i,SF,1480,0,0,1,0,0,0,0,0,0,0,0,0,0,0,0,0,0,2,4,0.00,0.00,0.00,0.00,1.00,0.00,0.50,2,10,1.00,0.00,1.00,0.50,0.00,0.00,0.00,0.00,pod.
0,icmp,ecr_i,SF,1480,0,0,1,0,0,0,0,0,0,0,0,0,0,0,0,0,0,1,3,0.00,0.00,0.00,0.00,1.00,0.00,0.67,1,11,1.00,0.00,1.00,0.55,0.00,0.00,0.00,0.00,pod.
0,icmp,ecr_i,SF,1480,0,0,1,0,0,0,0,0,0,0,0,0,0,0,0,0,0,2,4,0.00,0.00,0.00,0.00,1.00,0.00,0.50,2,12,1.00,0.00,1.00,0.50,0.00,0.00,0.00,0.00,pod.
0,icmp,ecr_i,SF,1480,0,0,1,0,0,0,0,0,0,0,0,0,0,0,0,0,0,1,1,0.00,0.00,0.00,0.00,1.00,0.00,0.00,1,13,1.00,0.00,1.00,0.54,0.00,0.00,0.00,0.00,pod.
0,icmp,ecr_i,SF,1480,0,0,1,0,0,0,0,0,0,0,0,0,0,0,0,0,0,2,2,0.00,0.00,0.00,0.00,1.00,0.00,0.00,2,14,1.00,0.00,1.00,0.50,0.00,0.00,0.00,0.00,pod.
0,icmp,ecr_i,SF,1480,0,0,1,0,0,0,0,0,0,0,0,0,0,0,0,0,0,1,3,0.00,0.00,0.00,0.00,1.00,0.00,0.67,1,15,1.00,0.00,1.00,0.53,0.00,0.00,0.00,0.00,pod.
0,icmp,ecr_i,SF,1480,0,0,1,0,0,0,0,0,0,0,0,0,0,0,0,0,0,2,4,0.00,0.00,0.00,0.00,1.00,0.00,0.50,2,16,1.00,0.00,1.00,0.50,0.00,0.00,0.00,0.00,pod.
0,icmp,ecr_i,SF,1480,0,0,1,0,0,0,0,0,0,0,0,0,0,0,0,0,0,1,1,0.00,0.00,0.00,0.00,1.00,0.00,0.00,1,17,1.00,0.00,1.00,0.53,0.00,0.00,0.00,0.00,pod.
0,icmp,ecr_i,SF,1480,0,0,1,0,0,0,0,0,0,0,0,0,0,0,0,0,0,2,2,0.00,0.00,0.00,0.00,1.00,0.00,0.00,2,18,1.00,0.00,1.00,0.50,0.00,0.00,0.00,0.00,pod.
0,icmp,ecr_i,SF,1480,0,0,1,0,0,0,0,0,0,0,0,0,0,0,0,0,0,1,1,0.00,0.00,0.00,0.00,1.00,0.00,0.00,1,19,1.00,0.00,1.00,0.53,0.00,0.00,0.00,0.00,pod.
0,icmp,ecr_i,SF,1480,0,0,1,0,0,0,0,0,0,0,0,0,0,0,0,0,0,2,2,0.00,0.00,0.00,0.00,1.00,0.00,0.00,2,20,1.00,0.00,1.00,0.50,0.00,0.00,0.00,0.00,pod.
0,icmp,tim_i,SF,564,0,0,0,0,0,0,0,0,0,0,0,0,0,0,0,0,0,1,1,0.00,0.00,0.00,0.00,1.00,0.00,0.00,1,1,1.00,0.00,1.00,0.00,0.00,0.00,0.00,0.00,pod.
0,icmp,tim_i,SF,564,0,0,0,0,0,0,0,0,0,0,0,0,0,0,0,0,0,2,2,0.00,0.00,0.00,0.00,1.00,0.00,0.00,2,2,1.00,0.00,1.00,0.00,0.00,0.00,0.00,0.00,pod.
0,icmp,ecr_i,SF,1480,0,0,1,0,0,0,0,0,0,0,0,0,0,0,0,0,0,1,1,0.00,0.00,0.00,0.00,1.00,0.00,0.00,1,1,1.00,0.00,1.00,0.00,0.00,0.00,0.00,0.00,pod.
0,icmp,ecr_i,SF,1480,0,0,1,0,0,0,0,0,0,0,0,0,0,0,0,0,0,2,2,0.00,0.00,0.00,0.00,1.00,0.00,0.00,2,2,1.00,0.00,1.00,0.00,0.00,0.00,0.00,0.00,pod.
0,icmp,ecr_i,SF,1480,0,0,1,0,0,0,0,0,0,0,0,0,0,0,0,0,0,1,3,0.00,0.00,0.00,0.00,1.00,0.00,0.67,1,3,1.00,0.00,1.00,0.67,0.00,0.00,0.00,0.00,pod.
0,icmp,ecr_i,SF,1480,0,0,1,0,0,0,0,0,0,0,0,0,0,0,0,0,0,2,4,0.00,0.00,0.00,0.00,1.00,0.00,0.50,2,4,1.00,0.00,1.00,0.50,0.00,0.00,0.00,0.00,pod.
0,icmp,ecr_i,SF,1480,0,0,1,0,0,0,0,0,0,0,0,0,0,0,0,0,0,1,3,0.00,0.00,0.00,0.00,1.00,0.00,0.67,1,5,1.00,0.00,1.00,0.60,0.00,0.00,0.00,0.00,pod.
0,icmp,ecr_i,SF,1480,0,0,1,0,0,0,0,0,0,0,0,0,0,0,0,0,0,2,4,0.00,0.00,0.00,0.00,1.00,0.00,0.50,2,6,1.00,0.00,1.00,0.50,0.00,0.00,0.00,0.00,pod.
0,icmp,ecr_i,SF,1480,0,0,1,0,0,0,0,0,0,0,0,0,0,0,0,0,0,1,3,0.00,0.00,0.00,0.00,1.00,0.00,0.67,1,7,1.00,0.00,1.00,0.57,0.00,0.00,0.00,0.00,pod.
0,icmp,ecr_i,SF,1480,0,0,1,0,0,0,0,0,0,0,0,0,0,0,0,0,0,2,4,0.00,0.00,0.00,0.00,1.00,0.00,0.50,2,8,1.00,0.00,1.00,0.50,0.00,0.00,0.00,0.00,pod.
0,icmp,ecr_i,SF,1480,0,0,1,0,0,0,0,0,0,0,0,0,0,0,0,0,0,1,3,0.00,0.00,0.00,0.00,1.00,0.00,0.67,1,9,1.00,0.00,1.00,0.56,0.00,0.00,0.00,0.00,pod.
0,icmp,ecr_i,SF,1480,0,0,1,0,0,0,0,0,0,0,0,0,0,0,0,0,0,2,4,0.00,0.00,0.00,0.00,1.00,0.00,0.50,2,10,1.00,0.00,1.00,0.50,0.00,0.00,0.00,0.00,pod.
0,icmp,ecr_i,SF,1480,0,0,1,0,0,0,0,0,0,0,0,0,0,0,0,0,0,1,3,0.00,0.00,0.00,0.00,1.00,0.00,0.67,1,11,1.00,0.00,1.00,0.55,0.00,0.00,0.00,0.00,pod.
0,icmp,ecr_i,SF,1480,0,0,1,0,0,0,0,0,0,0,0,0,0,0,0,0,0,2,4,0.00,0.00,0.00,0.00,1.00,0.00,0.50,2,12,1.00,0.00,1.00,0.50,0.00,0.00,0.00,0.00,pod.
0,icmp,ecr_i,SF,1480,0,0,1,0,0,0,0,0,0,0,0,0,0,0,0,0,0,1,3,0.00,0.00,0.00,0.00,1.00,0.00,0.67,1,13,1.00,0.00,1.00,0.54,0.00,0.00,0.00,0.00,pod.
0,icmp,ecr_i,SF,1480,0,0,1,0,0,0,0,0,0,0,0,0,0,0,0,0,0,2,4,0.00,0.00,0.00,0.00,1.00,0.00,0.50,2,14,1.00,0.00,1.00,0.50,0.00,0.00,0.00,0.00,pod.
0,icmp,ecr_i,SF,1480,0,0,1,0,0,0,0,0,0,0,0,0,0,0,0,0,0,1,3,0.00,0.00,0.00,0.00,1.00,0.00,0.67,1,15,1.00,0.00,1.00,0.53,0.00,0.00,0.00,0.00,pod.
0,icmp,ecr_i,SF,1480,0,0,1,0,0,0,0,0,0,0,0,0,0,0,0,0,0,2,4,0.00,0.00,0.00,0.00,1.00,0.00,0.50,2,16,1.00,0.00,1.00,0.50,0.00,0.00,0.00,0.00,pod.
0,icmp,ecr_i,SF,1480,0,0,1,0,0,0,0,0,0,0,0,0,0,0,0,0,0,1,3,0.00,0.00,0.00,0.00,1.00,0.00,0.67,1,17,1.00,0.00,1.00,0.53,0.00,0.00,0.00,0.00,pod.
0,icmp,ecr_i,SF,1480,0,0,1,0,0,0,0,0,0,0,0,0,0,0,0,0,0,2,4,0.00,0.00,0.00,0.00,1.00,0.00,0.50,2,18,1.00,0.00,1.00,0.50,0.00,0.00,0.00,0.00,pod.
0,icmp,ecr_i,SF,1480,0,0,1,0,0,0,0,0,0,0,0,0,0,0,0,0,0,1,3,0.00,0.00,0.00,0.00,1.00,0.00,0.67,1,19,1.00,0.00,1.00,0.53,0.00,0.00,0.00,0.00,pod.
0,icmp,ecr_i,SF,1480,0,0,1,0,0,0,0,0,0,0,0,0,0,0,0,0,0,2,4,0.00,0.00,0.00,0.00,1.00,0.00,0.50,2,20,1.00,0.00,1.00,0.50,0.00,0.00,0.00,0.00,pod.
0,icmp,ecr_i,SF,1480,0,0,1,0,0,0,0,0,0,0,0,0,0,0,0,0,0,1,3,0.00,0.00,0.00,0.00,1.00,0.00,0.67,1,21,1.00,0.00,1.00,0.52,0.00,0.00,0.00,0.00,pod.
0,icmp,ecr_i,SF,1480,0,0,1,0,0,0,0,0,0,0,0,0,0,0,0,0,0,2,4,0.00,0.00,0.00,0.00,1.00,0.00,0.50,2,22,1.00,0.00,1.00,0.50,0.00,0.00,0.00,0.00,pod.
0,icmp,ecr_i,SF,1480,0,0,1,0,0,0,0,0,0,0,0,0,0,0,0,0,0,1,3,0.00,0.00,0.00,0.00,1.00,0.00,0.67,1,23,1.00,0.00,1.00,0.52,0.00,0.00,0.00,0.00,pod.
0,icmp,ecr_i,SF,1480,0,0,1,0,0,0,0,0,0,0,0,0,0,0,0,0,0,2,4,0.00,0.00,0.00,0.00,1.00,0.00,0.50,2,24,1.00,0.00,1.00,0.50,0.00,0.00,0.00,0.00,pod.
0,icmp,ecr_i,SF,1480,0,0,1,0,0,0,0,0,0,0,0,0,0,0,0,0,0,1,3,0.00,0.00,0.00,0.00,1.00,0.00,0.67,1,25,1.00,0.00,1.00,0.52,0.00,0.00,0.00,0.00,pod.
0,icmp,ecr_i,SF,1480,0,0,1,0,0,0,0,0,0,0,0,0,0,0,0,0,0,2,4,0.00,0.00,0.00,0.00,1.00,0.00,0.50,2,26,1.00,0.00,1.00,0.50,0.00,0.00,0.00,0.00,pod.
0,icmp,ecr_i,SF,1480,0,0,1,0,0,0,0,0,0,0,0,0,0,0,0,0,0,1,3,0.00,0.00,0.00,0.00,1.00,0.00,0.67,1,27,1.00,0.00,1.00,0.52,0.00,0.00,0.00,0.00,pod.
0,icmp,ecr_i,SF,1480,0,0,1,0,0,0,0,0,0,0,0,0,0,0,0,0,0,2,4,0.00,0.00,0.00,0.00,1.00,0.00,0.50,2,28,1.00,0.00,1.00,0.50,0.00,0.00,0.00,0.00,pod.
0,icmp,ecr_i,SF,1480,0,0,1,0,0,0,0,0,0,0,0,0,0,0,0,0,0,1,3,0.00,0.00,0.00,0.00,1.00,0.00,0.67,1,29,1.00,0.00,1.00,0.52,0.00,0.00,0.00,0.00,pod.
0,icmp,ecr_i,SF,1480,0,0,1,0,0,0,0,0,0,0,0,0,0,0,0,0,0,2,4,0.00,0.00,0.00,0.00,1.00,0.00,0.50,2,30,1.00,0.00,1.00,0.50,0.00,0.00,0.00,0.00,pod.
0,icmp,ecr_i,SF,1480,0,0,1,0,0,0,0,0,0,0,0,0,0,0,0,0,0,1,3,0.00,0.00,0.00,0.00,1.00,0.00,0.67,1,31,1.00,0.00,1.00,0.52,0.00,0.00,0.00,0.00,pod.
0,icmp,ecr_i,SF,1480,0,0,1,0,0,0,0,0,0,0,0,0,0,0,0,0,0,2,4,0.00,0.00,0.00,0.00,1.00,0.00,0.50,2,32,1.00,0.00,1.00,0.50,0.00,0.00,0.00,0.00,pod.
0,icmp,ecr_i,SF,1480,0,0,1,0,0,0,0,0,0,0,0,0,0,0,0,0,0,1,3,0.00,0.00,0.00,0.00,1.00,0.00,0.67,1,33,1.00,0.00,1.00,0.52,0.00,0.00,0.00,0.00,pod.
0,icmp,ecr_i,SF,1480,0,0,1,0,0,0,0,0,0,0,0,0,0,0,0,0,0,2,4,0.00,0.00,0.00,0.00,1.00,0.00,0.50,2,34,1.00,0.00,1.00,0.50,0.00,0.00,0.00,0.00,pod.
0,icmp,ecr_i,SF,1480,0,0,1,0,0,0,0,0,0,0,0,0,0,0,0,0,0,1,3,0.00,0.00,0.00,0.00,1.00,0.00,0.67,1,35,1.00,0.00,1.00,0.51,0.00,0.00,0.00,0.00,pod.
0,icmp,ecr_i,SF,1480,0,0,1,0,0,0,0,0,0,0,0,0,0,0,0,0,0,2,4,0.00,0.00,0.00,0.00,1.00,0.00,0.50,2,36,1.00,0.00,1.00,0.50,0.00,0.00,0.00,0.00,pod.
0,icmp,ecr_i,SF,1480,0,0,1,0,0,0,0,0,0,0,0,0,0,0,0,0,0,1,3,0.00,0.00,0.00,0.00,1.00,0.00,0.67,1,37,1.00,0.00,1.00,0.51,0.00,0.00,0.00,0.00,pod.
0,icmp,ecr_i,SF,1480,0,0,1,0,0,0,0,0,0,0,0,0,0,0,0,0,0,2,4,0.00,0.00,0.00,0.00,1.00,0.00,0.50,2,38,1.00,0.00,1.00,0.50,0.00,0.00,0.00,0.00,pod.
0,icmp,ecr_i,SF,1480,0,0,1,0,0,0,0,0,0,0,0,0,0,0,0,0,0,1,3,0.00,0.00,0.00,0.00,1.00,0.00,0.67,1,39,1.00,0.00,1.00,0.51,0.00,0.00,0.00,0.00,pod.
0,icmp,ecr_i,SF,1480,0,0,1,0,0,0,0,0,0,0,0,0,0,0,0,0,0,2,4,0.00,0.00,0.00,0.00,1.00,0.00,0.50,2,40,1.00,0.00,1.00,0.50,0.00,0.00,0.00,0.00,pod.
0,icmp,ecr_i,SF,1480,0,0,1,0,0,0,0,0,0,0,0,0,0,0,0,0,0,1,1,0.00,0.00,0.00,0.00,1.00,0.00,0.00,2,1,0.50,1.00,0.50,0.00,0.00,0.00,0.00,0.00,pod.
0,icmp,ecr_i,SF,1480,0,0,1,0,0,0,0,0,0,0,0,0,0,0,0,0,0,2,2,0.00,0.00,0.00,0.00,1.00,0.00,0.00,3,2,0.67,0.67,0.67,0.00,0.00,0.00,0.00,0.00,pod.
0,icmp,ecr_i,SF,1480,0,0,1,0,0,0,0,0,0,0,0,0,0,0,0,0,0,1,3,0.00,0.00,0.00,0.00,1.00,0.00,0.67,2,3,0.50,1.00,0.50,0.67,0.00,0.00,0.00,0.00,pod.
0,icmp,ecr_i,SF,1480,0,0,1,0,0,0,0,0,0,0,0,0,0,0,0,0,0,2,4,0.00,0.00,0.00,0.00,1.00,0.00,0.50,3,4,0.67,0.67,0.67,0.50,0.00,0.00,0.00,0.00,pod.
0,icmp,ecr_i,SF,1480,0,0,1,0,0,0,0,0,0,0,0,0,0,0,0,0,0,1,3,0.00,0.00,0.00,0.00,1.00,0.00,0.67,1,5,1.00,0.00,1.00,0.60,0.00,0.00,0.00,0.00,pod.
0,icmp,ecr_i,SF,1480,0,0,1,0,0,0,0,0,0,0,0,0,0,0,0,0,0,2,4,0.00,0.00,0.00,0.00,1.00,0.00,0.50,2,6,1.00,0.00,1.00,0.50,0.00,0.00,0.00,0.00,pod.
0,icmp,ecr_i,SF,1480,0,0,1,0,0,0,0,0,0,0,0,0,0,0,0,0,0,1,3,0.00,0.00,0.00,0.00,1.00,0.00,0.67,1,7,1.00,0.00,1.00,0.57,0.00,0.00,0.00,0.00,pod.
0,icmp,ecr_i,SF,1480,0,0,1,0,0,0,0,0,0,0,0,0,0,0,0,0,0,2,4,0.00,0.00,0.00,0.00,1.00,0.00,0.50,2,8,1.00,0.00,1.00,0.50,0.00,0.00,0.00,0.00,pod.
0,icmp,ecr_i,SF,1480,0,0,1,0,0,0,0,0,0,0,0,0,0,0,0,0,0,1,3,0.00,0.00,0.00,0.00,1.00,0.00,0.67,2,9,0.50,1.00,0.50,0.56,0.00,0.00,0.00,0.00,pod.
0,icmp,ecr_i,SF,1480,0,0,1,0,0,0,0,0,0,0,0,0,0,0,0,0,0,2,4,0.00,0.00,0.00,0.00,1.00,0.00,0.50,3,10,0.67,0.67,0.67,0.50,0.00,0.00,0.00,0.00,pod.
0,icmp,ecr_i,SF,1480,0,0,1,0,0,0,0,0,0,0,0,0,0,0,0,0,0,1,3,0.00,0.00,0.00,0.00,1.00,0.00,0.67,1,11,1.00,0.00,1.00,0.55,0.00,0.00,0.00,0.00,pod.
0,icmp,ecr_i,SF,1480,0,0,1,0,0,0,0,0,0,0,0,0,0,0,0,0,0,2,4,0.00,0.00,0.00,0.00,1.00,0.00,0.50,2,12,1.00,0.00,1.00,0.50,0.00,0.00,0.00,0.00,pod.
0,icmp,ecr_i,SF,1480,0,0,1,0,0,0,0,0,0,0,0,0,0,0,0,0,0,1,3,0.00,0.00,0.00,0.00,1.00,0.00,0.67,3,13,0.33,0.67,0.33,0.54,0.00,0.00,0.00,0.00,pod.
0,icmp,ecr_i,SF,1480,0,0,1,0,0,0,0,0,0,0,0,0,0,0,0,0,0,2,4,0.00,0.00,0.00,0.00,1.00,0.00,0.50,4,14,0.50,0.50,0.50,0.50,0.00,0.00,0.00,0.00,pod.
0,icmp,ecr_i,SF,1480,0,0,1,0,0,0,0,0,0,0,0,0,0,0,0,0,0,1,3,0.00,0.00,0.00,0.00,1.00,0.00,0.67,1,15,1.00,0.00,1.00,0.53,0.00,0.00,0.00,0.00,pod.
0,icmp,ecr_i,SF,1480,0,0,1,0,0,0,0,0,0,0,0,0,0,0,0,0,0,2,4,0.00,0.00,0.00,0.00,1.00,0.00,0.50,2,16,1.00,0.00,1.00,0.50,0.00,0.00,0.00,0.00,pod.
0,icmp,ecr_i,SF,1480,0,0,1,0,0,0,0,0,0,0,0,0,0,0,0,0,0,1,3,0.00,0.00,0.00,0.00,1.00,0.00,0.67,1,17,1.00,0.00,1.00,0.53,0.00,0.00,0.00,0.00,pod.
0,icmp,ecr_i,SF,1480,0,0,1,0,0,0,0,0,0,0,0,0,0,0,0,0,0,2,4,0.00,0.00,0.00,0.00,1.00,0.00,0.50,2,18,1.00,0.00,1.00,0.50,0.00,0.00,0.00,0.00,pod.
0,icmp,ecr_i,SF,1480,0,0,1,0,0,0,0,0,0,0,0,0,0,0,0,0,0,1,3,0.00,0.00,0.00,0.00,1.00,0.00,0.67,2,19,0.50,1.00,0.50,0.53,0.00,0.00,0.00,0.00,pod.
0,icmp,ecr_i,SF,1480,0,0,1,0,0,0,0,0,0,0,0,0,0,0,0,0,0,2,4,0.00,0.00,0.00,0.00,1.00,0.00,0.50,3,20,0.67,0.67,0.67,0.50,0.00,0.00,0.00,0.00,pod.
0,icmp,ecr_i,SF,1480,0,0,1,0,0,0,0,0,0,0,0,0,0,0,0,0,0,1,3,0.00,0.00,0.00,0.00,1.00,0.00,0.67,1,21,1.00,0.00,1.00,0.52,0.00,0.00,0.00,0.00,pod.
0,icmp,ecr_i,SF,1480,0,0,1,0,0,0,0,0,0,0,0,0,0,0,0,0,0,2,4,0.00,0.00,0.00,0.00,1.00,0.00,0.50,2,22,1.00,0.00,1.00,0.50,0.00,0.00,0.00,0.00,pod.
0,icmp,ecr_i,SF,1480,0,0,1,0,0,0,0,0,0,0,0,0,0,0,0,0,0,1,3,0.00,0.00,0.00,0.00,1.00,0.00,0.67,1,23,1.00,0.00,1.00,0.52,0.00,0.00,0.00,0.00,pod.
0,icmp,ecr_i,SF,1480,0,0,1,0,0,0,0,0,0,0,0,0,0,0,0,0,0,2,4,0.00,0.00,0.00,0.00,1.00,0.00,0.50,2,24,1.00,0.00,1.00,0.50,0.00,0.00,0.00,0.00,pod.
0,icmp,ecr_i,SF,1480,0,0,1,0,0,0,0,0,0,0,0,0,0,0,0,0,0,1,3,0.00,0.00,0.00,0.00,1.00,0.00,0.67,1,25,1.00,0.00,1.00,0.52,0.00,0.00,0.00,0.00,pod.
0,icmp,ecr_i,SF,1480,0,0,1,0,0,0,0,0,0,0,0,0,0,0,0,0,0,2,4,0.00,0.00,0.00,0.00,1.00,0.00,0.50,2,26,1.00,0.00,1.00,0.50,0.00,0.00,0.00,0.00,pod.
0,icmp,ecr_i,SF,1480,0,0,1,0,0,0,0,0,0,0,0,0,0,0,0,0,0,1,3,0.00,0.00,0.00,0.00,1.00,0.00,0.67,1,27,1.00,0.00,1.00,0.52,0.00,0.00,0.00,0.00,pod.
0,icmp,ecr_i,SF,1480,0,0,1,0,0,0,0,0,0,0,0,0,0,0,0,0,0,2,4,0.00,0.00,0.00,0.00,1.00,0.00,0.50,2,28,1.00,0.00,1.00,0.50,0.00,0.00,0.00,0.00,pod.
0,icmp,ecr_i,SF,1480,0,0,1,0,0,0,0,0,0,0,0,0,0,0,0,0,0,1,3,0.00,0.00,0.00,0.00,1.00,0.00,0.67,1,29,1.00,0.00,1.00,0.52,0.00,0.00,0.00,0.00,pod.
0,icmp,ecr_i,SF,1480,0,0,1,0,0,0,0,0,0,0,0,0,0,0,0,0,0,2,4,0.00,0.00,0.00,0.00,1.00,0.00,0.50,2,30,1.00,0.00,1.00,0.50,0.00,0.00,0.00,0.00,pod.
0,icmp,ecr_i,SF,1480,0,0,1,0,0,0,0,0,0,0,0,0,0,0,0,0,0,1,3,0.00,0.00,0.00,0.00,1.00,0.00,0.67,3,31,0.33,0.67,0.33,0.52,0.00,0.00,0.00,0.00,pod.
0,icmp,ecr_i,SF,1480,0,0,1,0,0,0,0,0,0,0,0,0,0,0,0,0,0,2,4,0.00,0.00,0.00,0.00,1.00,0.00,0.50,4,32,0.50,0.50,0.50,0.50,0.00,0.00,0.00,0.00,pod.
0,icmp,ecr_i,SF,1480,0,0,1,0,0,0,0,0,0,0,0,0,0,0,0,0,0,1,3,0.00,0.00,0.00,0.00,1.00,0.00,0.67,2,33,0.50,1.00,0.50,0.52,0.00,0.00,0.00,0.00,pod.
0,icmp,ecr_i,SF,1480,0,0,1,0,0,0,0,0,0,0,0,0,0,0,0,0,0,2,4,0.00,0.00,0.00,0.00,1.00,0.00,0.50,3,34,0.67,0.67,0.67,0.50,0.00,0.00,0.00,0.00,pod.
0,icmp,ecr_i,SF,1480,0,0,1,0,0,0,0,0,0,0,0,0,0,0,0,0,0,1,3,0.00,0.00,0.00,0.00,1.00,0.00,0.67,1,35,1.00,0.00,1.00,0.51,0.00,0.00,0.00,0.00,pod.
0,icmp,ecr_i,SF,1480,0,0,1,0,0,0,0,0,0,0,0,0,0,0,0,0,0,2,4,0.00,0.00,0.00,0.00,1.00,0.00,0.50,2,36,1.00,0.00,1.00,0.50,0.00,0.00,0.00,0.00,pod.
0,icmp,ecr_i,SF,1480,0,0,1,0,0,0,0,0,0,0,0,0,0,0,0,0,0,1,3,0.00,0.00,0.00,0.00,1.00,0.00,0.67,1,37,1.00,0.00,1.00,0.51,0.00,0.00,0.00,0.00,pod.
0,icmp,ecr_i,SF,1480,0,0,1,0,0,0,0,0,0,0,0,0,0,0,0,0,0,2,4,0.00,0.00,0.00,0.00,1.00,0.00,0.50,2,38,1.00,0.00,1.00,0.50,0.00,0.00,0.00,0.00,pod.
0,icmp,ecr_i,SF,1480,0,0,1,0,0,0,0,0,0,0,0,0,0,0,0,0,0,1,3,0.00,0.00,0.00,0.00,1.00,0.00,0.67,1,39,1.00,0.00,1.00,0.51,0.00,0.00,0.00,0.00,pod.
0,icmp,ecr_i,SF,1480,0,0,1,0,0,0,0,0,0,0,0,0,0,0,0,0,0,2,4,0.00,0.00,0.00,0.00,1.00,0.00,0.50,2,40,1.00,0.00,1.00,0.50,0.00,0.00,0.00,0.00,pod.
0,icmp,tim_i,SF,564,0,0,0,0,0,0,0,0,0,0,0,0,0,0,0,0,0,1,1,0.00,0.00,0.00,0.00,1.00,0.00,0.00,2,2,1.00,0.00,1.00,0.00,0.00,0.00,0.00,0.00,pod.
0,icmp,ecr_i,SF,1480,0,0,1,0,0,0,0,0,0,0,0,0,0,0,0,0,0,1,1,0.00,0.00,0.00,0.00,1.00,0.00,0.00,255,2,0.01,0.08,0.01,0.00,0.61,0.00,0.01,0.00,pod.
0,icmp,ecr_i,SF,1480,0,0,1,0,0,0,0,0,0,0,0,0,0,0,0,0,0,2,2,0.00,0.00,0.00,0.00,1.00,0.00,0.00,255,3,0.01,0.08,0.01,0.00,0.60,0.00,0.01,0.00,pod.
0,icmp,ecr_i,SF,1480,0,0,1,0,0,0,0,0,0,0,0,0,0,0,0,0,0,3,3,0.00,0.00,0.00,0.00,1.00,0.00,0.00,255,4,0.02,0.08,0.02,0.00,0.60,0.00,0.01,0.00,pod.
0,icmp,ecr_i,SF,1480,0,0,1,0,0,0,0,0,0,0,0,0,0,0,0,0,0,4,4,0.00,0.00,0.00,0.00,1.00,0.00,0.00,255,5,0.02,0.08,0.02,0.00,0.60,0.00,0.01,0.00,pod.
0,icmp,ecr_i,SF,1480,0,0,1,0,0,0,0,0,0,0,0,0,0,0,0,0,0,5,5,0.00,0.00,0.00,0.00,1.00,0.00,0.00,255,6,0.02,0.08,0.02,0.00,0.59,0.00,0.01,0.00,pod.
0,icmp,ecr_i,SF,1480,0,0,1,0,0,0,0,0,0,0,0,0,0,0,0,0,0,6,6,0.00,0.00,0.00,0.00,1.00,0.00,0.00,255,7,0.03,0.08,0.03,0.00,0.59,0.00,0.01,0.00,pod.
0,icmp,ecr_i,SF,1480,0,0,1,0,0,0,0,0,0,0,0,0,0,0,0,0,0,7,7,0.00,0.00,0.00,0.00,1.00,0.00,0.00,255,8,0.03,0.08,0.03,0.00,0.58,0.00,0.01,0.00,pod.
0,icmp,ecr_i,SF,1480,0,0,1,0,0,0,0,0,0,0,0,0,0,0,0,0,0,8,8,0.00,0.00,0.00,0.00,1.00,0.00,0.00,255,9,0.04,0.08,0.04,0.00,0.58,0.00,0.01,0.00,pod.
0,icmp,ecr_i,SF,1480,0,0,1,0,0,0,0,0,0,0,0,0,0,0,0,0,0,9,9,0.00,0.00,0.00,0.00,1.00,0.00,0.00,255,10,0.04,0.08,0.04,0.00,0.58,0.00,0.01,0.00,pod.
0,icmp,ecr_i,SF,1480,0,0,1,0,0,0,0,0,0,0,0,0,0,0,0,0,0,10,10,0.00,0.00,0.00,0.00,1.00,0.00,0.00,255,11,0.04,0.08,0.04,0.00,0.57,0.00,0.01,0.00,pod.
0,icmp,ecr_i,SF,1480,0,0,1,0,0,0,0,0,0,0,0,0,0,0,0,0,0,11,11,0.00,0.00,0.00,0.00,1.00,0.00,0.00,255,12,0.05,0.08,0.05,0.00,0.57,0.00,0.01,0.00,pod.
0,icmp,ecr_i,SF,1480,0,0,1,0,0,0,0,0,0,0,0,0,0,0,0,0,0,12,12,0.00,0.00,0.00,0.00,1.00,0.00,0.00,255,13,0.05,0.08,0.05,0.00,0.56,0.00,0.01,0.00,pod.
0,icmp,ecr_i,SF,1480,0,0,1,0,0,0,0,0,0,0,0,0,0,0,0,0,0,13,13,0.00,0.00,0.00,0.00,1.00,0.00,0.00,255,14,0.05,0.08,0.05,0.00,0.56,0.00,0.01,0.00,pod.
0,icmp,ecr_i,SF,1480,0,0,1,0,0,0,0,0,0,0,0,0,0,0,0,0,0,14,14,0.00,0.00,0.00,0.00,1.00,0.00,0.00,255,15,0.06,0.08,0.06,0.00,0.56,0.00,0.01,0.00,pod.
0,icmp,ecr_i,SF,1480,0,0,1,0,0,0,0,0,0,0,0,0,0,0,0,0,0,15,15,0.00,0.00,0.00,0.00,1.00,0.00,0.00,255,16,0.06,0.08,0.06,0.00,0.55,0.00,0.01,0.00,pod.
0,icmp,ecr_i,SF,1480,0,0,1,0,0,0,0,0,0,0,0,0,0,0,0,0,0,16,16,0.00,0.00,0.00,0.00,1.00,0.00,0.00,255,17,0.07,0.08,0.07,0.00,0.55,0.00,0.01,0.00,pod.
0,icmp,ecr_i,SF,1480,0,0,1,0,0,0,0,0,0,0,0,0,0,0,0,0,0,17,17,0.00,0.00,0.00,0.00,1.00,0.00,0.00,255,18,0.07,0.08,0.07,0.00,0.55,0.00,0.01,0.00,pod.
0,icmp,ecr_i,SF,1480,0,0,1,0,0,0,0,0,0,0,0,0,0,0,0,0,0,18,18,0.00,0.00,0.00,0.00,1.00,0.00,0.00,255,19,0.07,0.08,0.07,0.00,0.54,0.00,0.01,0.00,pod.
0,icmp,ecr_i,SF,1480,0,0,1,0,0,0,0,0,0,0,0,0,0,0,0,0,0,19,19,0.00,0.00,0.00,0.00,1.00,0.00,0.00,255,20,0.08,0.08,0.08,0.00,0.54,0.00,0.01,0.00,pod.
0,icmp,ecr_i,SF,1480,0,0,1,0,0,0,0,0,0,0,0,0,0,0,0,0,0,20,20,0.00,0.00,0.00,0.00,1.00,0.00,0.00,255,21,0.08,0.08,0.08,0.00,0.53,0.00,0.01,0.00,pod.
0,icmp,ecr_i,SF,1480,0,0,1,0,0,0,0,0,0,0,0,0,0,0,0,0,0,1,1,0.00,0.00,0.00,0.00,1.00,0.00,0.00,2,155,0.50,1.00,0.50,0.01,0.50,0.00,0.00,0.00,pod.
0,icmp,ecr_i,SF,1480,0,0,1,0,0,0,0,0,0,0,0,0,0,0,0,0,0,2,2,0.00,0.00,0.00,0.00,1.00,0.00,0.00,3,155,0.67,0.67,0.67,0.01,0.33,0.00,0.00,0.00,pod.
0,icmp,ecr_i,SF,1480,0,0,1,0,0,0,0,0,0,0,0,0,0,0,0,0,0,1,1,0.00,0.00,0.00,0.00,1.00,0.00,0.00,4,155,0.75,0.50,0.75,0.01,0.25,0.00,0.00,0.00,pod.
0,icmp,ecr_i,SF,1480,0,0,1,0,0,0,0,0,0,0,0,0,0,0,0,0,0,2,2,0.00,0.00,0.00,0.00,1.00,0.00,0.00,5,155,0.80,0.40,0.80,0.01,0.20,0.00,0.00,0.00,pod.
0,icmp,ecr_i,SF,1480,0,0,1,0,0,0,0,0,0,0,0,0,0,0,0,0,0,1,3,0.00,0.00,0.00,0.00,1.00,0.00,0.67,2,154,0.50,1.00,0.50,0.02,0.50,0.00,0.00,0.00,pod.
0,icmp,ecr_i,SF,1480,0,0,1,0,0,0,0,0,0,0,0,0,0,0,0,0,0,2,4,0.00,0.00,0.00,0.00,1.00,0.00,0.50,3,154,0.67,0.67,0.67,0.02,0.33,0.00,0.00,0.00,pod.
0,icmp,ecr_i,SF,1480,0,0,1,0,0,0,0,0,0,0,0,0,0,0,0,0,0,1,3,0.00,0.00,0.00,0.00,1.00,0.00,0.67,4,154,0.75,0.50,0.75,0.02,0.25,0.00,0.00,0.00,pod.
0,icmp,ecr_i,SF,1480,0,0,1,0,0,0,0,0,0,0,0,0,0,0,0,0,0,2,4,0.00,0.00,0.00,0.00,1.00,0.00,0.50,5,154,0.80,0.40,0.80,0.02,0.20,0.00,0.00,0.00,pod.
0,icmp,ecr_i,SF,1480,0,0,1,0,0,0,0,0,0,0,0,0,0,0,0,0,0,1,3,0.00,0.00,0.00,0.00,1.00,0.00,0.67,2,153,0.50,1.00,0.50,0.03,0.50,0.00,0.00,0.00,pod.
0,icmp,ecr_i,SF,1480,0,0,1,0,0,0,0,0,0,0,0,0,0,0,0,0,0,2,4,0.00,0.00,0.00,0.00,1.00,0.00,0.50,3,153,0.67,0.67,0.67,0.03,0.33,0.00,0.00,0.00,pod.
0,icmp,ecr_i,SF,1480,0,0,1,0,0,0,0,0,0,0,0,0,0,0,0,0,0,1,3,0.00,0.00,0.00,0.00,1.00,0.00,0.67,4,153,0.75,0.50,0.75,0.03,0.25,0.00,0.00,0.00,pod.
0,icmp,ecr_i,SF,1480,0,0,1,0,0,0,0,0,0,0,0,0,0,0,0,0,0,2,4,0.00,0.00,0.00,0.00,1.00,0.00,0.50,5,153,0.80,0.40,0.80,0.03,0.20,0.00,0.00,0.00,pod.
0,icmp,ecr_i,SF,1480,0,0,1,0,0,0,0,0,0,0,0,0,0,0,0,0,0,1,3,0.00,0.00,0.00,0.00,1.00,0.00,0.67,2,152,0.50,1.00,0.50,0.03,0.50,0.00,0.00,0.00,pod.
0,icmp,ecr_i,SF,1480,0,0,1,0,0,0,0,0,0,0,0,0,0,0,0,0,0,1,3,0.00,0.00,0.00,0.00,1.00,0.00,0.67,3,152,0.67,0.67,0.67,0.03,0.33,0.00,0.00,0.00,pod.
0,icmp,ecr_i,SF,1480,0,0,1,0,0,0,0,0,0,0,0,0,0,0,0,0,0,2,4,0.00,0.00,0.00,0.00,1.00,0.00,0.50,4,152,0.75,0.50,0.75,0.03,0.25,0.00,0.00,0.00,pod.
0,icmp,ecr_i,SF,1480,0,0,1,0,0,0,0,0,0,0,0,0,0,0,0,0,0,1,2,0.00,0.00,0.00,0.00,1.00,0.00,1.00,2,151,0.50,1.00,0.50,0.04,0.50,0.00,0.00,0.00,pod.
0,icmp,ecr_i,SF,1480,0,0,1,0,0,0,0,0,0,0,0,0,0,0,0,0,0,2,3,0.00,0.00,0.00,0.00,1.00,0.00,0.67,3,151,0.67,0.67,0.67,0.04,0.33,0.00,0.00,0.00,pod.
0,icmp,ecr_i,SF,1480,0,0,1,0,0,0,0,0,0,0,0,0,0,0,0,0,0,1,3,0.00,0.00,0.00,0.00,1.00,0.00,0.67,4,151,0.75,0.50,0.75,0.04,0.25,0.00,0.00,0.00,pod.
0,icmp,ecr_i,SF,1480,0,0,1,0,0,0,0,0,0,0,0,0,0,0,0,0,0,2,4,0.00,0.00,0.00,0.00,1.00,0.00,0.50,5,151,0.80,0.40,0.80,0.04,0.20,0.00,0.00,0.00,pod.
0,icmp,ecr_i,SF,1480,0,0,1,0,0,0,0,0,0,0,0,0,0,0,0,0,0,1,3,0.00,0.00,0.00,0.00,1.00,0.00,0.67,1,151,1.00,0.00,1.00,0.05,0.00,0.00,0.00,0.00,pod.
0,icmp,ecr_i,SF,1480,0,0,1,0,0,0,0,0,0,0,0,0,0,0,0,0,0,2,4,0.00,0.00,0.00,0.00,1.00,0.00,0.50,2,151,1.00,0.00,1.00,0.05,0.00,0.00,0.00,0.00,pod.
0,icmp,ecr_i,SF,1480,0,0,1,0,0,0,0,0,0,0,0,0,0,0,0,0,0,1,3,0.00,0.00,0.00,0.00,1.00,0.00,0.67,3,151,1.00,0.00,1.00,0.05,0.00,0.00,0.00,0.00,pod.
0,icmp,ecr_i,SF,1480,0,0,1,0,0,0,0,0,0,0,0,0,0,0,0,0,0,2,4,0.00,0.00,0.00,0.00,1.00,0.00,0.50,4,151,1.00,0.00,1.00,0.05,0.00,0.00,0.00,0.00,pod.
0,icmp,ecr_i,SF,1480,0,0,1,0,0,0,0,0,0,0,0,0,0,0,0,0,0,1,3,0.00,0.00,0.00,0.00,1.00,0.00,0.67,1,151,1.00,0.00,1.00,0.05,0.00,0.00,0.00,0.00,pod.
0,icmp,ecr_i,SF,1480,0,0,1,0,0,0,0,0,0,0,0,0,0,0,0,0,0,2,4,0.00,0.00,0.00,0.00,1.00,0.00,0.50,2,151,1.00,0.00,1.00,0.05,0.00,0.00,0.00,0.00,pod.
0,icmp,ecr_i,SF,1480,0,0,1,0,0,0,0,0,0,0,0,0,0,0,0,0,0,1,3,0.00,0.00,0.00,0.00,1.00,0.00,0.67,3,151,1.00,0.00,1.00,0.05,0.00,0.00,0.00,0.00,pod.
0,icmp,ecr_i,SF,1480,0,0,1,0,0,0,0,0,0,0,0,0,0,0,0,0,0,2,4,0.00,0.00,0.00,0.00,1.00,0.00,0.50,4,151,1.00,0.00,1.00,0.05,0.00,0.00,0.00,0.00,pod.
0,icmp,ecr_i,SF,1480,0,0,1,0,0,0,0,0,0,0,0,0,0,0,0,0,0,1,3,0.00,0.00,0.00,0.00,1.00,0.00,0.67,1,151,1.00,0.00,1.00,0.06,0.00,0.00,0.00,0.00,pod.
0,icmp,ecr_i,SF,1480,0,0,1,0,0,0,0,0,0,0,0,0,0,0,0,0,0,2,4,0.00,0.00,0.00,0.00,1.00,0.00,0.50,2,151,1.00,0.00,1.00,0.06,0.00,0.00,0.00,0.00,pod.
0,icmp,ecr_i,SF,1480,0,0,1,0,0,0,0,0,0,0,0,0,0,0,0,0,0,1,3,0.00,0.00,0.00,0.00,1.00,0.00,0.67,3,151,1.00,0.00,1.00,0.06,0.00,0.00,0.00,0.00,pod.
0,icmp,ecr_i,SF,1480,0,0,1,0,0,0,0,0,0,0,0,0,0,0,0,0,0,2,4,0.00,0.00,0.00,0.00,1.00,0.00,0.50,4,151,1.00,0.00,1.00,0.06,0.00,0.00,0.00,0.00,pod.
0,icmp,ecr_i,SF,1480,0,0,1,0,0,0,0,0,0,0,0,0,0,0,0,0,0,1,3,0.00,0.00,0.00,0.00,1.00,0.00,0.67,1,151,1.00,0.00,1.00,0.07,0.00,0.00,0.00,0.00,pod.
0,icmp,ecr_i,SF,1480,0,0,1,0,0,0,0,0,0,0,0,0,0,0,0,0,0,2,4,0.00,0.00,0.00,0.00,1.00,0.00,0.50,2,151,1.00,0.00,1.00,0.07,0.00,0.00,0.00,0.00,pod.
0,icmp,ecr_i,SF,1480,0,0,1,0,0,0,0,0,0,0,0,0,0,0,0,0,0,1,3,0.00,0.00,0.00,0.00,1.00,0.00,0.67,3,151,1.00,0.00,1.00,0.07,0.00,0.00,0.00,0.00,pod.
0,icmp,ecr_i,SF,1480,0,0,1,0,0,0,0,0,0,0,0,0,0,0,0,0,0,2,4,0.00,0.00,0.00,0.00,1.00,0.00,0.50,4,151,1.00,0.00,1.00,0.07,0.00,0.00,0.00,0.00,pod.
0,icmp,ecr_i,SF,1480,0,0,1,0,0,0,0,0,0,0,0,0,0,0,0,0,0,1,3,0.00,0.00,0.00,0.00,1.00,0.00,0.67,1,151,1.00,0.00,1.00,0.07,0.00,0.00,0.00,0.00,pod.
0,icmp,ecr_i,SF,1480,0,0,1,0,0,0,0,0,0,0,0,0,0,0,0,0,0,2,4,0.00,0.00,0.00,0.00,1.00,0.00,0.50,2,151,1.00,0.00,1.00,0.07,0.00,0.00,0.00,0.00,pod.
0,icmp,ecr_i,SF,1480,0,0,1,0,0,0,0,0,0,0,0,0,0,0,0,0,0,1,3,0.00,0.00,0.00,0.00,1.00,0.00,0.67,3,151,1.00,0.00,1.00,0.07,0.00,0.00,0.00,0.00,pod.
0,icmp,ecr_i,SF,1480,0,0,1,0,0,0,0,0,0,0,0,0,0,0,0,0,0,2,4,0.00,0.00,0.00,0.00,1.00,0.00,0.50,4,151,1.00,0.00,1.00,0.07,0.00,0.00,0.00,0.00,pod.
0,icmp,ecr_i,SF,1480,0,0,1,0,0,0,0,0,0,0,0,0,0,0,0,0,0,1,3,0.00,0.00,0.00,0.00,1.00,0.00,0.67,1,151,1.00,0.00,1.00,0.08,0.00,0.00,0.00,0.00,pod.
0,icmp,ecr_i,SF,1480,0,0,1,0,0,0,0,0,0,0,0,0,0,0,0,0,0,2,4,0.00,0.00,0.00,0.00,1.00,0.00,0.50,2,151,1.00,0.00,1.00,0.08,0.00,0.00,0.00,0.00,pod.
0,icmp,ecr_i,SF,1480,0,0,1,0,0,0,0,0,0,0,0,0,0,0,0,0,0,1,3,0.00,0.00,0.00,0.00,1.00,0.00,0.67,3,151,1.00,0.00,1.00,0.08,0.00,0.00,0.00,0.00,pod.
0,icmp,ecr_i,SF,1480,0,0,1,0,0,0,0,0,0,0,0,0,0,0,0,0,0,2,4,0.00,0.00,0.00,0.00,1.00,0.00,0.50,4,151,1.00,0.00,1.00,0.08,0.00,0.00,0.00,0.00,pod.
0,icmp,ecr_i,SF,1480,0,0,1,0,0,0,0,0,0,0,0,0,0,0,0,0,0,1,3,0.00,0.00,0.00,0.00,1.00,0.00,0.67,1,151,1.00,0.00,1.00,0.09,0.00,0.00,0.00,0.00,pod.
0,icmp,ecr_i,SF,1480,0,0,1,0,0,0,0,0,0,0,0,0,0,0,0,0,0,2,4,0.00,0.00,0.00,0.00,1.00,0.00,0.50,2,151,1.00,0.00,1.00,0.09,0.00,0.00,0.00,0.00,pod.
0,icmp,ecr_i,SF,1480,0,0,1,0,0,0,0,0,0,0,0,0,0,0,0,0,0,1,3,0.00,0.00,0.00,0.00,1.00,0.00,0.67,3,151,1.00,0.00,1.00,0.09,0.00,0.00,0.00,0.00,pod.
0,icmp,ecr_i,SF,1480,0,0,1,0,0,0,0,0,0,0,0,0,0,0,0,0,0,2,4,0.00,0.00,0.00,0.00,1.00,0.00,0.50,4,151,1.00,0.00,1.00,0.09,0.00,0.00,0.00,0.00,pod.
0,icmp,ecr_i,SF,1480,0,0,1,0,0,0,0,0,0,0,0,0,0,0,0,0,0,1,3,0.00,0.00,0.00,0.00,1.00,0.00,0.67,1,151,1.00,0.00,1.00,0.09,0.00,0.00,0.00,0.00,pod.
0,icmp,ecr_i,SF,1480,0,0,1,0,0,0,0,0,0,0,0,0,0,0,0,0,0,2,4,0.00,0.00,0.00,0.00,1.00,0.00,0.50,2,151,1.00,0.00,1.00,0.09,0.00,0.00,0.00,0.00,pod.
0,icmp,ecr_i,SF,1480,0,0,1,0,0,0,0,0,0,0,0,0,0,0,0,0,0,1,3,0.00,0.00,0.00,0.00,1.00,0.00,0.67,3,151,1.00,0.00,1.00,0.09,0.00,0.00,0.00,0.00,pod.
0,icmp,ecr_i,SF,1480,0,0,1,0,0,0,0,0,0,0,0,0,0,0,0,0,0,2,4,0.00,0.00,0.00,0.00,1.00,0.00,0.50,4,151,1.00,0.00,1.00,0.09,0.00,0.00,0.00,0.00,pod.
0,icmp,ecr_i,SF,1480,0,0,1,0,0,0,0,0,0,0,0,0,0,0,0,0,0,1,3,0.00,0.00,0.00,0.00,1.00,0.00,0.67,1,151,1.00,0.00,1.00,0.10,0.00,0.00,0.00,0.00,pod.
0,icmp,ecr_i,SF,1480,0,0,1,0,0,0,0,0,0,0,0,0,0,0,0,0,0,2,4,0.00,0.00,0.00,0.00,1.00,0.00,0.50,2,151,1.00,0.00,1.00,0.10,0.00,0.00,0.00,0.00,pod.
0,icmp,ecr_i,SF,1480,0,0,1,0,0,0,0,0,0,0,0,0,0,0,0,0,0,1,3,0.00,0.00,0.00,0.00,1.00,0.00,0.67,3,151,1.00,0.00,1.00,0.10,0.00,0.00,0.00,0.00,pod.
0,icmp,ecr_i,SF,1480,0,0,1,0,0,0,0,0,0,0,0,0,0,0,0,0,0,2,4,0.00,0.00,0.00,0.00,1.00,0.00,0.50,4,151,1.00,0.00,1.00,0.10,0.00,0.00,0.00,0.00,pod.
0,icmp,ecr_i,SF,1480,0,0,1,0,0,0,0,0,0,0,0,0,0,0,0,0,0,1,3,0.00,0.00,0.00,0.00,1.00,0.00,0.67,1,151,1.00,0.00,1.00,0.11,0.00,0.00,0.00,0.00,pod.
0,icmp,ecr_i,SF,1480,0,0,1,0,0,0,0,0,0,0,0,0,0,0,0,0,0,2,4,0.00,0.00,0.00,0.00,1.00,0.00,0.50,2,151,1.00,0.00,1.00,0.11,0.00,0.00,0.00,0.00,pod.
0,icmp,ecr_i,SF,1480,0,0,1,0,0,0,0,0,0,0,0,0,0,0,0,0,0,1,3,0.00,0.00,0.00,0.00,1.00,0.00,0.67,3,151,1.00,0.00,1.00,0.11,0.00,0.00,0.00,0.00,pod.
0,icmp,ecr_i,SF,1480,0,0,1,0,0,0,0,0,0,0,0,0,0,0,0,0,0,2,4,0.00,0.00,0.00,0.00,1.00,0.00,0.50,4,151,1.00,0.00,1.00,0.11,0.00,0.00,0.00,0.00,pod.
0,icmp,ecr_i,SF,1480,0,0,1,0,0,0,0,0,0,0,0,0,0,0,0,0,0,1,3,0.00,0.00,0.00,0.00,1.00,0.00,0.67,1,151,1.00,0.00,1.00,0.11,0.00,0.00,0.00,0.00,pod.
0,icmp,ecr_i,SF,1480,0,0,1,0,0,0,0,0,0,0,0,0,0,0,0,0,0,2,4,0.00,0.00,0.00,0.00,1.00,0.00,0.50,2,151,1.00,0.00,1.00,0.11,0.00,0.00,0.00,0.00,pod.
0,icmp,ecr_i,SF,1480,0,0,1,0,0,0,0,0,0,0,0,0,0,0,0,0,0,1,3,0.00,0.00,0.00,0.00,1.00,0.00,0.67,3,151,1.00,0.00,1.00,0.11,0.00,0.00,0.00,0.00,pod.
0,icmp,ecr_i,SF,1480,0,0,1,0,0,0,0,0,0,0,0,0,0,0,0,0,0,2,4,0.00,0.00,0.00,0.00,1.00,0.00,0.50,4,151,1.00,0.00,1.00,0.11,0.00,0.00,0.00,0.00,pod.
0,icmp,ecr_i,SF,1480,0,0,1,0,0,0,0,0,0,0,0,0,0,0,0,0,0,1,3,0.00,0.00,0.00,0.00,1.00,0.00,0.67,1,151,1.00,0.00,1.00,0.12,0.00,0.00,0.00,0.00,pod.
0,icmp,ecr_i,SF,1480,0,0,1,0,0,0,0,0,0,0,0,0,0,0,0,0,0,2,4,0.00,0.00,0.00,0.00,1.00,0.00,0.50,2,151,1.00,0.00,1.00,0.12,0.00,0.00,0.00,0.00,pod.
0,icmp,ecr_i,SF,1480,0,0,1,0,0,0,0,0,0,0,0,0,0,0,0,0,0,1,3,0.00,0.00,0.00,0.00,1.00,0.00,0.67,3,151,1.00,0.00,1.00,0.12,0.00,0.00,0.00,0.00,pod.
0,icmp,ecr_i,SF,1480,0,0,1,0,0,0,0,0,0,0,0,0,0,0,0,0,0,2,4,0.00,0.00,0.00,0.00,1.00,0.00,0.50,4,151,1.00,0.00,1.00,0.12,0.00,0.00,0.00,0.00,pod.
0,icmp,ecr_i,SF,1480,0,0,1,0,0,0,0,0,0,0,0,0,0,0,0,0,0,1,3,0.00,0.00,0.00,0.00,1.00,0.00,0.67,1,151,1.00,0.00,1.00,0.13,0.00,0.00,0.00,0.00,pod.
0,icmp,ecr_i,SF,1480,0,0,1,0,0,0,0,0,0,0,0,0,0,0,0,0,0,2,4,0.00,0.00,0.00,0.00,1.00,0.00,0.50,2,151,1.00,0.00,1.00,0.13,0.00,0.00,0.00,0.00,pod.
0,icmp,ecr_i,SF,1480,0,0,1,0,0,0,0,0,0,0,0,0,0,0,0,0,0,1,3,0.00,0.00,0.00,0.00,1.00,0.00,0.67,3,151,1.00,0.00,1.00,0.13,0.00,0.00,0.00,0.00,pod.
0,icmp,ecr_i,SF,1480,0,0,1,0,0,0,0,0,0,0,0,0,0,0,0,0,0,2,4,0.00,0.00,0.00,0.00,1.00,0.00,0.50,4,151,1.00,0.00,1.00,0.13,0.00,0.00,0.00,0.00,pod.
0,icmp,ecr_i,SF,1480,0,0,1,0,0,0,0,0,0,0,0,0,0,0,0,0,0,1,3,0.00,0.00,0.00,0.00,1.00,0.00,0.67,1,151,1.00,0.00,1.00,0.13,0.00,0.00,0.00,0.00,pod.
0,icmp,ecr_i,SF,1480,0,0,1,0,0,0,0,0,0,0,0,0,0,0,0,0,0,2,4,0.00,0.00,0.00,0.00,1.00,0.00,0.50,2,151,1.00,0.00,1.00,0.13,0.00,0.00,0.00,0.00,pod.
0,icmp,ecr_i,SF,1480,0,0,1,0,0,0,0,0,0,0,0,0,0,0,0,0,0,1,3,0.00,0.00,0.00,0.00,1.00,0.00,0.67,3,151,1.00,0.00,1.00,0.13,0.00,0.00,0.00,0.00,pod.
0,icmp,ecr_i,SF,1480,0,0,1,0,0,0,0,0,0,0,0,0,0,0,0,0,0,2,4,0.00,0.00,0.00,0.00,1.00,0.00,0.50,4,151,1.00,0.00,1.00,0.13,0.00,0.00,0.00,0.00,pod.
0,icmp,ecr_i,SF,1480,0,0,1,0,0,0,0,0,0,0,0,0,0,0,0,0,0,1,3,0.00,0.00,0.00,0.00,1.00,0.00,0.67,1,151,1.00,0.00,1.00,0.14,0.00,0.00,0.00,0.00,pod.
0,icmp,ecr_i,SF,1480,0,0,1,0,0,0,0,0,0,0,0,0,0,0,0,0,0,2,4,0.00,0.00,0.00,0.00,1.00,0.00,0.50,2,151,1.00,0.00,1.00,0.14,0.00,0.00,0.00,0.00,pod.
0,icmp,ecr_i,SF,1480,0,0,1,0,0,0,0,0,0,0,0,0,0,0,0,0,0,1,3,0.00,0.00,0.00,0.00,1.00,0.00,0.67,3,151,1.00,0.00,1.00,0.14,0.00,0.00,0.00,0.00,pod.
0,icmp,ecr_i,SF,1480,0,0,1,0,0,0,0,0,0,0,0,0,0,0,0,0,0,2,4,0.00,0.00,0.00,0.00,1.00,0.00,0.50,4,151,1.00,0.00,1.00,0.14,0.00,0.00,0.00,0.00,pod.
0,icmp,ecr_i,SF,1480,0,0,1,0,0,0,0,0,0,0,0,0,0,0,0,0,0,1,1,0.00,0.00,0.00,0.00,1.00,0.00,0.00,255,3,0.01,0.02,0.01,0.00,0.00,0.00,0.00,0.00,pod.
0,icmp,ecr_i,SF,1480,0,0,1,0,0,0,0,0,0,0,0,0,0,0,0,0,0,2,2,0.00,0.00,0.00,0.00,1.00,0.00,0.00,255,4,0.02,0.02,0.02,0.00,0.00,0.00,0.00,0.00,pod.
0,icmp,ecr_i,SF,1480,0,0,1,0,0,0,0,0,0,0,0,0,0,0,0,0,0,3,3,0.00,0.00,0.00,0.00,1.00,0.00,0.00,255,5,0.02,0.02,0.02,0.00,0.00,0.00,0.00,0.00,pod.
0,icmp,ecr_i,SF,1480,0,0,1,0,0,0,0,0,0,0,0,0,0,0,0,0,0,4,4,0.00,0.00,0.00,0.00,1.00,0.00,0.00,255,6,0.02,0.02,0.02,0.00,0.00,0.00,0.00,0.00,pod.
0,icmp,ecr_i,SF,1480,0,0,1,0,0,0,0,0,0,0,0,0,0,0,0,0,0,5,5,0.00,0.00,0.00,0.00,1.00,0.00,0.00,255,7,0.03,0.02,0.03,0.00,0.00,0.00,0.00,0.00,pod.
0,icmp,ecr_i,SF,1480,0,0,1,0,0,0,0,0,0,0,0,0,0,0,0,0,0,6,6,0.00,0.00,0.00,0.00,1.00,0.00,0.00,255,8,0.03,0.02,0.03,0.00,0.00,0.00,0.00,0.00,pod.
0,icmp,ecr_i,SF,1480,0,0,1,0,0,0,0,0,0,0,0,0,0,0,0,0,0,7,7,0.00,0.00,0.00,0.00,1.00,0.00,0.00,255,9,0.04,0.02,0.04,0.00,0.00,0.00,0.00,0.00,pod.
0,icmp,ecr_i,SF,1480,0,0,1,0,0,0,0,0,0,0,0,0,0,0,0,0,0,8,8,0.00,0.00,0.00,0.00,1.00,0.00,0.00,255,10,0.04,0.02,0.04,0.00,0.00,0.00,0.00,0.00,pod.
0,icmp,ecr_i,SF,1480,0,0,1,0,0,0,0,0,0,0,0,0,0,0,0,0,0,9,9,0.00,0.00,0.00,0.00,1.00,0.00,0.00,255,11,0.04,0.02,0.04,0.00,0.00,0.00,0.00,0.00,pod.
0,icmp,ecr_i,SF,1480,0,0,1,0,0,0,0,0,0,0,0,0,0,0,0,0,0,10,10,0.00,0.00,0.00,0.00,1.00,0.00,0.00,255,12,0.05,0.02,0.05,0.00,0.00,0.00,0.00,0.00,pod.
0,icmp,ecr_i,SF,1480,0,0,1,0,0,0,0,0,0,0,0,0,0,0,0,0,0,11,11,0.00,0.00,0.00,0.00,1.00,0.00,0.00,255,13,0.05,0.02,0.05,0.00,0.00,0.00,0.00,0.00,pod.
0,icmp,ecr_i,SF,1480,0,0,1,0,0,0,0,0,0,0,0,0,0,0,0,0,0,12,12,0.00,0.00,0.00,0.00,1.00,0.00,0.00,255,14,0.05,0.02,0.05,0.00,0.00,0.00,0.00,0.00,pod.
0,icmp,ecr_i,SF,1480,0,0,1,0,0,0,0,0,0,0,0,0,0,0,0,0,0,13,13,0.00,0.00,0.00,0.00,1.00,0.00,0.00,255,15,0.06,0.02,0.06,0.00,0.00,0.00,0.00,0.00,pod.
0,icmp,ecr_i,SF,1480,0,0,1,0,0,0,0,0,0,0,0,0,0,0,0,0,0,14,14,0.00,0.00,0.00,0.00,1.00,0.00,0.00,255,16,0.06,0.02,0.06,0.00,0.00,0.00,0.00,0.00,pod.
0,icmp,ecr_i,SF,1480,0,0,1,0,0,0,0,0,0,0,0,0,0,0,0,0,0,15,15,0.00,0.00,0.00,0.00,1.00,0.00,0.00,255,17,0.07,0.02,0.07,0.00,0.00,0.00,0.00,0.00,pod.
0,icmp,ecr_i,SF,1480,0,0,1,0,0,0,0,0,0,0,0,0,0,0,0,0,0,16,16,0.00,0.00,0.00,0.00,1.00,0.00,0.00,255,18,0.07,0.02,0.07,0.00,0.00,0.00,0.00,0.00,pod.
0,icmp,ecr_i,SF,1480,0,0,1,0,0,0,0,0,0,0,0,0,0,0,0,0,0,17,17,0.00,0.00,0.00,0.00,1.00,0.00,0.00,255,19,0.07,0.02,0.07,0.00,0.00,0.00,0.00,0.00,pod.
0,icmp,ecr_i,SF,1480,0,0,1,0,0,0,0,0,0,0,0,0,0,0,0,0,0,18,18,0.00,0.00,0.00,0.00,1.00,0.00,0.00,255,20,0.08,0.02,0.08,0.00,0.00,0.00,0.00,0.00,pod.
0,icmp,ecr_i,SF,1480,0,0,1,0,0,0,0,0,0,0,0,0,0,0,0,0,0,19,19,0.00,0.00,0.00,0.00,1.00,0.00,0.00,255,21,0.08,0.02,0.08,0.00,0.00,0.00,0.00,0.00,pod.
0,icmp,ecr_i,SF,1480,0,0,1,0,0,0,0,0,0,0,0,0,0,0,0,0,0,20,20,0.00,0.00,0.00,0.00,1.00,0.00,0.00,255,22,0.09,0.02,0.09,0.00,0.00,0.00,0.00,0.00,pod.
0,icmp,tim_i,SF,564,0,0,0,0,0,0,0,0,0,0,0,0,0,0,0,0,0,1,1,0.00,0.00,0.00,0.00,1.00,0.00,0.00,1,1,1.00,0.00,1.00,0.00,0.00,0.00,0.00,0.00,pod.
0,icmp,tim_i,SF,564,0,0,0,0,0,0,0,0,0,0,0,0,0,0,0,0,0,2,2,0.00,0.00,0.00,0.00,1.00,0.00,0.00,2,2,1.00,0.00,1.00,0.00,0.00,0.00,0.00,0.00,pod.
